24 0.2604166666666667 0.5867529296875 0.3125 0.1871728515625
23 0.44162109375 0.5924462890625 0.08463541666666667 0.0618505859375
23 0.52517578125 0.5940771484375 0.08680338541666667 0.068359375
4 0.6304231770833334 0.6510400390625 0.15841796875 0.0716162109375
4 0.5208333333333334 0.6722021484375 0.08680338541666667 0.068359375
11 0.859375 0.6388330078125 0.21267578125 0.1123046875
9 0.8062044270833333 0.4280615234375 0.13237630208333334 0.068359375
16 0.703125 0.4435205078125 0.16059244791666666 0.0472021484375
15 0.4915364583333333 0.4361962890625 0.29731119791666666 0.0651025390625
12 0.33311848958333334 0.4353857421875 0.13671875 0.0537109375
10 0.21375651041666666 0.4280615234375 0.10633463541666667 0.078125
4 0.14973958333333334 0.2425146484375 0.2994791666666667 0.09765625
6 0.6901041666666666 0.2457666015625 0.24305338541666666 0.1009130859375