23 0.1996549479166667 0.2384423828125 0.22569661458333334 0.0634765625
12 0.1909700520833333 0.4150390625 0.17361328125 0.0846337890625
20 0.30490234374999997 0.4191064453125 0.04991536458333334 0.0764990234375
21 0.3895377604166667 0.4150390625 0.15841796875 0.0618505859375
14 0.4915364583333333 0.3922509765625 0.21484375 0.1139306640625
4 0.6911914062500001 0.4093408203125 0.21484375 0.0830078125
4 0.8637174479166667 0.4345703125 0.16927083333333334 0.05859375
6 0.2994791666666667 0.5680322265625 0.16059244791666666 0.09765625
16 0.29513671874999997 0.6233740234375 0.1909700520833333 0.05859375
15 0.48285807291666666 0.6241845703125 0.2799479166666667 0.0764990234375
5 0.8582877604166667 0.6355810546875 0.19314453125 0.0960302734375
24 0.7248242187499999 0.5582666015625 0.2734375 0.1497412109375
9 0.27452473958333334 0.7234716796875 0.16276041666666666 0.0667333984375