21 0.6315104166666666 0.6901025390625 0.09548828124999999 0.0553369140625
21 0.7497851562500001 0.6925439453125 0.11501953124999999 0.0830078125
7 0.7931835937499999 0.6258154296875 0.1714388020833333 0.0764990234375
8 0.26909505208333334 0.6966162109375 0.3819466145833333 0.068359375
8 0.2864583333333333 0.64453125 0.1909700520833333 0.0618505859375
0 0.17903645833333334 0.4435205078125 0.10199869791666666 0.0732421875
0 0.2864583333333333 0.4435205078125 0.09114583333333333 0.0602197265625
12 0.2734375 0.4833984375 0.25173828125000003 0.0520849609375
15 0.53494140625 0.4736328125 0.25390625 0.048828125
23 0.2484830729166667 0.2978515625 0.18445963541666666 0.0227880859375
10 0.7139778645833333 0.2840185546875 0.22135416666666666 0.0634765625