15 0.8506966145833333 0.4313134765625 0.1996549479166667 0.05859375
15 0.6043815104166667 0.4378271484375 0.13237630208333334 0.029296875
16 0.7204882812500001 0.4337548828125 0.09982421875000001 0.0472021484375
4 0.17903645833333334 0.39306640625 0.27560546874999997 0.1513671875
10 0.44705078125 0.400390625 0.10850911458333333 0.1204443359375
6 0.7845052083333334 0.24169921875 0.20616536458333334 0.0862646484375
23 0.478515625 0.2628564453125 0.11501953124999999 0.0406884765625
23 0.3700065104166667 0.26123046875 0.12369791666666667 0.0406884765625
5 0.1898893229166667 0.2555322265625 0.14106119791666666 0.0553369140625
24 0.29513671874999997 0.5525732421875 0.24739583333333334 0.1318359375
1 0.13671875 0.6339501953125 0.16059244791666666 0.0927734375
4 0.41015625 0.6412744140625 0.1996549479166667 0.0716162109375
9 0.6195768229166666 0.6331396484375 0.16276041666666666 0.0846337890625
12 0.8409309895833333 0.6510400390625 0.20616536458333334 0.068359375
11 0.7942708333333334 0.5818701171875 0.17361328125 0.0992822265625