3 0.16949074074074072 0.32500496031746035 0.33104497354497353 0.09842509920634922
15 0.2240509259259259 0.39445684523809527 0.27482473544973546 0.03891369047619048
23 0.4908994708994709 0.3711433531746032 0.2066633597883598 0.08157242063492062
21 0.7825429894179894 0.359484126984127 0.168260582010582 0.09297867063492063
13 0.2875429894179894 0.5537078373015873 0.21661706349206347 0.04987351190476191
11 0.6003439153439154 0.5266741071428572 0.24698743386243385 0.09997271825396825
14 0.24819444444444444 0.6043080357142857 0.15776785714285713 0.04790674603174603
12 0.8255257936507936 0.586453373015873 0.24099867724867724 0.09552579365079365
7 0.13477843915343915 0.7965525793650793 0.16241402116402115 0.08417906746031746
18 0.3933531746031746 0.7670337301587301 0.19014880952380953 0.07970486111111111
6 0.6274636243386243 0.7142013888888888 0.15572089947089945 0.09804563492063492
6 0.8536309523809524 0.7868824404761905 0.2376851851851852 0.13924355158730156