8 0.52517578125 0.5159521484375 0.18229166666666666 0.0390625
12 0.30490234374999997 0.5118798828125 0.11067708333333333 0.0472021484375
5 0.45681640625 0.4817724609375 0.15841796875 0.0651025390625
23 0.810546875 0.4939794921875 0.09765625 0.0667333984375
22 0.27452473958333334 0.6396484375 0.17578125 0.15625
12 0.47309244791666666 0.6892919921875 0.2300325520833333 0.0602197265625
12 0.546875 0.7169580078125 0.09114583333333333 0.0699853515625
8 0.49587890625 0.70068359375 0.1714388020833333 0.0862646484375
6 0.76171875 0.6583642578125 0.26909505208333334 0.1448583984375
13 0.4676627604166667 0.31494140625 0.08029296875 0.0569677734375
13 0.5501302083333334 0.3141259765625 0.07595703125 0.0520849609375
3 0.30164713541666666 0.3019189453125 0.3515625 0.0830078125