6 0.8572070312500001 0.4215478515625 0.20399088541666666 0.1399755859375
6 0.6955273437499999 0.4248046875 0.13237630208333334 0.0846337890625
12 0.44921875 0.4459619140625 0.1171875 0.0618505859375
15 0.24197265625 0.44921875 0.23220703125 0.0618505859375
14 0.8235677083333334 0.2628564453125 0.18445963541666666 0.0830078125
23 0.21593098958333334 0.2750634765625 0.25390625 0.0618505859375
4 0.478515625 0.6119775390625 0.2495638020833333 0.0716162109375
16 0.6890169270833333 0.6331396484375 0.05859375 0.0455712890625
16 0.8734830729166667 0.6575537109375 0.08029296875 0.0748681640625
16 0.7953580729166667 0.6526708984375 0.08029296875 0.0520849609375
12 0.20724609375 0.6339501953125 0.2105013020833333 0.0602197265625