21 0.45138671875 0.6119775390625 0.17794921875 0.068359375
5 0.6499544270833334 0.6355810546875 0.15841796875 0.1090478515625
6 0.8072916666666666 0.22705078125 0.24305338541666666 0.1220703125
4 0.15408203125 0.2083349609375 0.2604166666666667 0.1725244140625
9 0.13671875 0.2604150390625 0.1996549479166667 0.068359375
15 0.40473307291666666 0.2718115234375 0.18445963541666666 0.0390625
4 0.36349609375 0.4386376953125 0.19748046875 0.1123046875
16 0.224609375 0.4427099609375 0.11501953124999999 0.0553369140625
14 0.126953125 0.4231787109375 0.08463541666666667 0.1009130859375
23 0.5913606770833334 0.4402685546875 0.22352213541666666 0.0992822265625
11 0.8409309895833333 0.4248046875 0.27126953125000003 0.087890625
24 0.7921028645833333 0.58837890625 0.30815755208333334 0.1448583984375
20 0.19314453125 0.6656884765625 0.16927083333333334 0.1009130859375
12 0.36349609375 0.6681298828125 0.18445963541666666 0.0830078125