3 0.16221560846560848 0.32401289682539686 0.3244345238095238 0.09644097222222223
15 0.23595568783068782 0.3959449404761905 0.27217592592592593 0.05181299603174603
23 0.49387566137566136 0.3699032738095238 0.20600198412698414 0.08405257936507936
21 0.7888260582010581 0.3641964285714286 0.16098544973544973 0.10340029761904762
13 0.28688161375661375 0.5524677579365079 0.2020701058201058 0.052353670634920635
14 0.24918650793650793 0.6095188492063491 0.16636243386243385 0.057333829365079365
11 0.6053075396825397 0.5336185515873016 0.21061177248677249 0.09402281746031746
12 0.8258564814814814 0.5876934523809524 0.2350429894179894 0.10098710317460317
7 0.14205357142857142 0.7987847222222222 0.16373677248677249 0.08765376984126985
18 0.390707671957672 0.767281746031746 0.2113095238095238 0.0752405753968254
6 0.628125 0.7124652777777778 0.14381613756613756 0.10945436507936508
9 0.8519775132275133 0.7906051587301587 0.24099206349206348 0.15164682539682542