9 0.8330489417989417 0.3413268849206349 0.2093419312169312 0.10904017857142857
14 0.49583664021164026 0.3821056547619048 0.15935515873015874 0.048206845238095236
12 0.16641203703703705 0.3636954365079365 0.2810416666666667 0.08732886904761905
7 0.3481382275132275 0.5444866071428571 0.11710648148148148 0.05969494047619048
8 0.21157407407407405 0.5842757936507937 0.1815079365079365 0.07914930555555555
20 0.6031580687830688 0.5498139880952381 0.1841335978835979 0.0766765873015873
21 0.8420634920634921 0.5917559523809524 0.21893518518518518 0.06879464285714286
18 0.3642559523809524 0.7312549603174603 0.1830952380952381 0.0661656746031746
15 0.20812169312169312 0.7926984126984127 0.15772156084656083 0.08146329365079365
4 0.5297883597883598 0.7980952380952381 0.16819113756613757 0.08909474206349206
23 0.8011078042328043 0.7616195436507937 0.17499669312169314 0.0952529761904762