5 0.7440299479166667 0.2768310546875 0.14474609375 0.0344580078125
13 0.2845768229166667 0.26828125 0.22193359375 0.03201171875
14 0.20863932291666668 0.4140087890625 0.16120442708333335 0.07931640625
3 0.3144140625 0.5707275390625 0.19697265625000002 0.15349609375
22 0.4869466145833334 0.4103466796875 0.23921223958333335 0.1061767578125
9 0.6279752604166667 0.59310546875 0.17850911458333332 0.105478515625
23 0.1625390625 0.6431640625 0.09287109375000001 0.0639892578125
23 0.27807942708333333 0.6362451171875 0.09175130208333333 0.0648046875
16 0.4728125 0.651298828125 0.11012369791666667 0.0509765625
11 0.8118359375 0.628515625 0.14363932291666667 0.1030615234375
7 0.8812890625 0.4343603515625 0.13411458333333334 0.08095703125