9 0.7996940104166667 0.6331396484375 0.16276041666666666 0.1302099609375
15 0.576171875 0.6575537109375 0.1801236979166667 0.078125
12 0.39496744791666666 0.6298828125 0.14757161458333332 0.0943994140625
16 0.20182291666666666 0.66650390625 0.08246744791666667 0.0634765625
16 0.42751953125 0.2921533203125 0.06944661458333333 0.0276708984375
16 0.5598958333333334 0.4630517578125 0.07378255208333333 0.0537109375
16 0.1909700520833333 0.4475927734375 0.16927083333333334 0.0716162109375
6 0.4090690104166667 0.4060888671875 0.16276041666666666 0.1090478515625
4 0.15082682291666666 0.2262353515625 0.25824869791666666 0.1595068359375
4 0.6814257812500001 0.2783203125 0.09548828124999999 0.048828125
14 0.7389322916666666 0.4166650390625 0.20182291666666666 0.1041650390625
20 0.6336783854166667 0.42724609375 0.13455078125 0.0569677734375