24 0.7476106770833333 0.65185546875 0.2191861979166667 0.1350927734375
15 0.5381966145833333 0.5192041015625 0.14757161458333332 0.05859375
16 0.6673177083333334 0.52490234375 0.09331380208333334 0.0439453125
12 0.849609375 0.5452490234375 0.2191861979166667 0.0455712890625
10 0.8680533854166667 0.7210302734375 0.09548828124999999 0.1171875
1 0.4014778645833333 0.71533203125 0.13455078125 0.1025390625
11 0.3385416666666667 0.498046875 0.18229166666666666 0.1009130859375
9 0.18337890625 0.33447265625 0.16710286458333334 0.0764990234375
23 0.5284309895833333 0.35400390625 0.20616536458333334 0.0472021484375
6 0.15516276041666668 0.4915380859375 0.20616536458333334 0.1236962890625
4 0.2105013020833333 0.6599951171875 0.1953125 0.1611328125
4 0.6434440104166667 0.7381201171875 0.1714388020833333 0.0732421875
5 0.18229166666666666 0.7291650390625 0.16492838541666668 0.087890625