35 0.4481315104166667 0.6705712890625 0.08897786458333333 0.0716162109375
40 0.8333333333333334 0.4288720703125 0.16492838541666668 0.1123046875
48 0.1898893229166667 0.43701171875 0.26258463541666666 0.0797509765625
62 0.38628255208333334 0.45166015625 0.13455078125 0.0472021484375
16 0.38628255208333334 0.22705078125 0.22569661458333334 0.1448583984375
21 0.5230013020833334 0.2547216796875 0.1996549479166667 0.0797509765625
109 0.25281901041666666 0.5753564453125 0.26258463541666666 0.1513671875
42 0.2094205729166667 0.68115234375 0.22786458333333334 0.0602197265625
102 0.5946158854166667 0.6217431640625 0.18663411458333334 0.068359375
16 0.6846809895833333 0.6892919921875 0.19314453125 0.0667333984375
28 0.87890625 0.6705712890625 0.15625 0.1009130859375
