26 0.16056878306878308 0.3758556547619048 0.1743154761904762 0.07611607142857142
102 0.4856084656084656 0.3612202380952381 0.22253637566137568 0.08156746031746032
40 0.7709656084656085 0.343608630952381 0.31308862433862433 0.12076140873015874
47 0.09212301587301587 0.5991021825396825 0.16308201058201058 0.06625992063492064
81 0.3986441798941799 0.5834771825396825 0.2271792328042328 0.08957093253968254
44 0.791468253968254 0.5780183531746033 0.24563161375661374 0.08857886904761904
73 0.14337301587301587 0.7707564484126984 0.21928571428571428 0.09210813492063492
65 0.49949404761904764 0.7471899801587302 0.23708333333333334 0.07969742063492063
42 0.8496660052910052 0.7888690476190475 0.20329695767195766 0.14321180555555554
48 0.5067658730158731 0.8265674603174603 0.2648578042328042 0.07972222222222222
