20 0.3827669270833333 0.261376953125 0.16440104166666666 0.101201171875
26 0.54115234375 0.291484375 0.1817057291666667 0.0442333984375
27 0.7906770833333333 0.2707373046875 0.18595703125 0.0955078125
47 0.25094401041666664 0.466513671875 0.258828125 0.062255859375
61 0.4147721354166667 0.440458984375 0.14377604166666666 0.0492138671875
34 0.66158203125 0.431513671875 0.14911458333333333 0.089912109375
97 0.8438411458333334 0.4648828125 0.14904947916666667 0.0687646484375
1 0.18748046875000002 0.65619140625 0.21654296875 0.09982421875
41 0.33828125000000003 0.6000146484375 0.17960286458333333 0.0558251953125
46 0.5265169270833333 0.5935107421875 0.06779296875 0.091640625
25 0.720703125 0.598798828125 0.18272135416666668 0.0778076171875
78 0.6740559895833332 0.6618896484375 0.16755208333333335 0.0819140625
