20 0.18771484375 0.2823876953125 0.15408203125 0.0537109375
102 0.41775390625 0.2913427734375 0.22786458333333334 0.0423193359375
21 0.6955273437499999 0.26611328125 0.17578125 0.0862646484375
35 0.830078125 0.2620458984375 0.11501953124999999 0.1041650390625
8 0.17361328125 0.4484033203125 0.15190755208333334 0.0960302734375
28 0.8713085937499999 0.4557275390625 0.16710286458333334 0.0911474609375
48 0.5674934895833333 0.45654296875 0.17578125 0.0602197265625
62 0.703125 0.4638671875 0.1171875 0.0520849609375
16 0.16818359375 0.6160498046875 0.23220703125 0.1741552734375
42 0.37543619791666666 0.66650390625 0.1953125 0.0732421875
40 0.42751953125 0.5973291015625 0.18229166666666666 0.1041650390625
16 0.5121549479166666 0.6697607421875 0.1171875 0.0634765625
16 0.6391080729166666 0.6787109375 0.13237630208333334 0.0618505859375
109 0.7638867187499999 0.595703125 0.30815755208333334 0.1725244140625
