97 0.23032552083333332 0.23572265625 0.29572265625 0.05478515625
39 0.7065950520833333 0.2332861328125 0.258671875 0.06943359375
61 0.19944010416666666 0.40626953125 0.08505859375000001 0.0491943359375
78 0.3241796875 0.3847021484375 0.16442057291666667 0.06953125
19 0.66591796875 0.3777783203125 0.13175130208333333 0.070341796875
47 0.8264778645833334 0.3997607421875 0.17943359375 0.0752392578125
104 0.6805598958333333 0.5332763671875 0.23264322916666666 0.1274169921875
46 0.7852604166666667 0.5772314453125 0.07095703125 0.10791015625
72 0.40392578124999995 0.555244140625 0.09604817708333334 0.0737060546875
41 0.26234375 0.58455078125 0.15793619791666666 0.063955078125
