109 0.68359375 0.5403662109375 0.26909505208333334 0.1790380859375
16 0.5479622395833333 0.6168603515625 0.20182291666666666 0.0520849609375
16 0.45356119791666666 0.58837890625 0.09114583333333333 0.0764990234375
28 0.3938802083333333 0.6062841796875 0.14539713541666668 0.0732421875
21 0.21267578125 0.5875634765625 0.17361328125 0.1139306640625
42 0.1714388020833333 0.4052734375 0.18229166666666666 0.0813818359375
47 0.36675130208333334 0.380859375 0.16059244791666666 0.0943994140625
81 0.5414518229166666 0.40771484375 0.18445963541666666 0.0634765625
20 0.7790820312500001 0.4150390625 0.20399088541666666 0.0423193359375
48 0.6998697916666666 0.2303076171875 0.19748046875 0.0341796875
102 0.1909700520833333 0.2392578125 0.21267578125 0.0423193359375
