41 0.8572070312500001 0.65673828125 0.15190755208333334 0.0960302734375
61 0.2994791666666667 0.6404638671875 0.06510416666666667 0.0569677734375
61 0.18880208333333334 0.6193017578125 0.06076171875 0.0439453125
79 0.3385416666666667 0.556640625 0.21267578125 0.1302099609375
47 0.5436197916666666 0.6608056640625 0.28429036458333334 0.068359375
47 0.7389322916666666 0.6648779296875 0.12804036458333332 0.0504541015625
19 0.6532096354166667 0.439453125 0.16492838541666668 0.087890625
15 0.38845703125 0.4134130859375 0.33419921875 0.1106787109375
43 0.32986328125000003 0.27587890625 0.16059244791666666 0.0439453125
97 0.830078125 0.4541015625 0.10199869791666666 0.0618505859375
20 0.6998697916666666 0.2392578125 0.28862630208333334 0.1204443359375
