20 0.4915364583333333 0.28076171875 0.18880208333333334 0.1090478515625
46 0.7508658854166667 0.29052734375 0.22135416666666666 0.0830078125
41 0.21701171875 0.3055810546875 0.24522786458333334 0.0545263671875
61 0.29025390624999997 0.48095703125 0.21375651041666666 0.0602197265625
47 0.51486328125 0.4740380859375 0.17903645833333334 0.07080078125
97 0.8544921875 0.482177734375 0.21158854166666666 0.09521484375
1 0.4893684895833333 0.6669091796875 0.10199869791666666 0.0870751953125
104 0.6966145833333334 0.6221533203125 0.28862630208333334 0.2140283203125
16 0.27777994791666666 0.633544921875 0.25390625 0.0773095703125
27 0.3206380208333333 0.65185546875 0.14214192708333334 0.0846337890625
