15 0.16453042328042328 0.34361359126984126 0.3145138888888889 0.12868799603174602
102 0.4895767195767196 0.3701512896825397 0.20401785714285717 0.07958581349206349
81 0.7904794973544973 0.3602306547619048 0.15767857142857142 0.09942708333333333
47 0.08650132275132275 0.6033184523809524 0.15845568783068784 0.06973462301587302
44 0.2776223544973545 0.558420138888889 0.21000661375661372 0.04441964285714286
40 0.5719080687830688 0.5398189484126985 0.25625 0.10146577380952382
42 0.8225496031746031 0.5906696428571429 0.2416600529100529 0.09900049603174603
26 0.13543981481481482 0.7943204365079365 0.15051256613756614 0.08467261904761904
65 0.38839285714285715 0.7635639880952381 0.20006944444444444 0.07473710317460316
21 0.6327546296296297 0.7127108134920636 0.13984788359788358 0.08514632936507936
48 0.5047850529100529 0.8225967261904762 0.22121031746031747 0.07178323412698413
28 0.8585912698412699 0.7861383928571428 0.22776455026455025 0.13279265873015872
