27 0.8315013227513227 0.33932539682539686 0.2100628306878307 0.11423115079365079
46 0.49903108465608464 0.3814905753968254 0.1566732804232804 0.044818948412698414
41 0.16820436507936506 0.3615128968253968 0.27398478835978834 0.0791765873015873
25 0.34836640211640213 0.5451364087301587 0.11499669312169312 0.05694196428571428
26 0.20959325396825396 0.5827157738095239 0.19618055555555555 0.0731671626984127
72 0.6017791005291006 0.5488095238095239 0.19476190476190477 0.0719766865079365
78 0.8427612433862435 0.5891815476190476 0.2223346560846561 0.07328869047619048
64 0.35870039682539684 0.727718253968254 0.19374669312169313 0.06849702380952381
47 0.21153108465608464 0.7899379960317461 0.16247685185185184 0.08019593253968255
16 0.5304828042328043 0.7940178571428571 0.16833333333333333 0.08322916666666666
16 0.802063492063492 0.7625595238095237 0.18193783068783068 0.09205853174603175
