15 0.3385416666666667 0.2490234375 0.37326171875 0.1139306640625
27 0.7736523437499999 0.4305029296875 0.20616536458333334 0.1090478515625
43 0.22135416666666666 0.4484033203125 0.14322916666666666 0.0862646484375
46 0.42426432291666666 0.42724609375 0.14106119791666666 0.0699853515625
61 0.46440755208333334 0.46630859375 0.16059244791666666 0.0472021484375
25 0.6358528645833333 0.44921875 0.09548828124999999 0.0716162109375
79 0.24522786458333334 0.6404638671875 0.2734375 0.1448583984375
97 0.5023893229166666 0.6502294921875 0.08897786458333333 0.0667333984375
39 0.6456184895833333 0.6119775390625 0.12369791666666667 0.078125
19 0.8289908854166667 0.6583642578125 0.14757161458333332 0.0927734375
