109 0.5946158854166667 0.61767578125 0.2864583333333333 0.2099609375
42 0.8420117187499999 0.69091796875 0.21267578125 0.0895166015625
16 0.08680338541666667 0.49072265625 0.14757161458333332 0.0992822265625
62 0.33637369791666666 0.4899072265625 0.1953125 0.0618505859375
48 0.5088997395833333 0.4695654296875 0.19314453125 0.0602197265625
102 0.8409309895833333 0.49072265625 0.2191861979166667 0.0895166015625
1 0.20182291666666666 0.3108740234375 0.13020833333333334 0.0716162109375
28 0.419921875 0.3125 0.1714388020833333 0.05859375
21 0.5110677083333334 0.30029296875 0.15841796875 0.0895166015625
47 0.7411002604166667 0.3068017578125 0.20182291666666666 0.0830078125
