16 0.1706640625 0.2528369140625 0.24150390624999998 0.15736328125
73 0.5351888020833333 0.3089892578125 0.16326171875 0.04505859375
47 0.75921875 0.2882373046875 0.16209635416666665 0.0865625
62 0.16904296875 0.485234375 0.15362630208333333 0.050869140625
48 0.32635416666666667 0.4583740234375 0.14272135416666668 0.0752734375
102 0.5747916666666667 0.46732421875 0.11876953125 0.0638818359375
44 0.7890625 0.481162109375 0.07203776041666667 0.0785498046875
21 0.17446614583333334 0.658642578125 0.16447265625 0.134013671875
42 0.55958984375 0.6822412109375 0.3097135416666667 0.0737890625
28 0.75650390625 0.6146826171875 0.16318359375 0.1079296875
