28 0.8973502604166667 0.2506494140625 0.15841796875 0.1009130859375
21 0.771484375 0.2449560546875 0.1801236979166667 0.1057958984375
48 0.166015625 0.26123046875 0.15841796875 0.0634765625
42 0.13455078125 0.4532861328125 0.13455078125 0.0667333984375
102 0.5848502604166667 0.4402685546875 0.2105013020833333 0.0960302734375
40 0.8083789062500001 0.439453125 0.24088541666666666 0.0911474609375
81 0.11935546875000001 0.6355810546875 0.13455078125 0.1025390625
62 0.23220703125 0.6502294921875 0.09982421875000001 0.0667333984375
47 0.33962890625 0.62255859375 0.09765625 0.0992822265625
73 0.4427083333333333 0.6380224609375 0.09548828124999999 0.0911474609375
16 0.7118033854166667 0.6241845703125 0.13888671875 0.0960302734375
16 0.8213997395833333 0.6339501953125 0.13671875 0.0699853515625
