25 0.23654296875 0.2644873046875 0.20399088541666666 0.0406884765625
72 0.47417317708333334 0.4248046875 0.11501953124999999 0.0716162109375
72 0.5772591145833333 0.4166650390625 0.08680338541666667 0.0618505859375
20 0.7432747395833333 0.380859375 0.16710286458333334 0.1041650390625
97 0.28862630208333334 0.4117822265625 0.10850911458333333 0.0618505859375
97 0.1898893229166667 0.4093408203125 0.08897786458333333 0.0569677734375
1 0.23546223958333334 0.6095361328125 0.20182291666666666 0.0992822265625
26 0.4557291666666667 0.5769873046875 0.3385416666666667 0.0374365234375
41 0.7693164062500001 0.5769873046875 0.18880208333333334 0.0602197265625
61 0.8430989583333334 0.62744140625 0.14973958333333334 0.0830078125
34 0.7530403645833333 0.2384423828125 0.3255208333333333 0.0537109375
