25 0.16255291005291006 0.37312748015873015 0.1915112433862434 0.0776016865079365
97 0.48395502645502647 0.36866319444444445 0.1993915343915344 0.0865327380952381
78 0.7865112433862433 0.35824404761904766 0.14974206349206348 0.09545882936507936
46 0.09179232804232804 0.6015823412698412 0.16903439153439154 0.06129960317460317
43 0.28886574074074073 0.5556919642857143 0.21926256613756612 0.05384424603174603
39 0.5705853174603175 0.5450297619047619 0.25360449735449736 0.10692460317460317
41 0.8192427248677249 0.5881894841269841 0.22181878306878305 0.1039608134920635
64 0.3946792328042328 0.7583531746031745 0.16633928571428572 0.07722222222222222
47 0.5061111111111111 0.8240848214285714 0.2238525132275132 0.06483878968253969
47 0.862228835978836 0.7809300595238096 0.2151984126984127 0.12733382936507937
