41 0.4698372395833333 0.6014013671875 0.32768880208333334 0.0634765625
47 0.20724609375 0.6298828125 0.17578125 0.0651025390625
16 0.7866731770833333 0.6388330078125 0.2669270833333333 0.1057958984375
46 0.7400195312500001 0.4150390625 0.17794921875 0.09765625
72 0.63693359375 0.4093408203125 0.14539713541666668 0.0406884765625
61 0.556640625 0.4508447265625 0.14973958333333334 0.05859375
27 0.2484830729166667 0.2425146484375 0.1801236979166667 0.09765625
43 0.4654947916666667 0.2734375 0.07161458333333333 0.0520849609375
97 0.7573763020833333 0.2823876953125 0.14757161458333332 0.0341796875
20 0.41232421875 0.3995751953125 0.16059244791666666 0.1123046875
