104 0.24305338541666666 0.5875634765625 0.3255208333333333 0.1920556640625
34 0.15625 0.4305029296875 0.09548828124999999 0.0699853515625
16 0.146484375 0.244140625 0.26258463541666666 0.0716162109375
16 0.6108919270833334 0.6339501953125 0.16276041666666666 0.0504541015625
47 0.47309244791666666 0.4353857421875 0.29513671874999997 0.0602197265625
41 0.29513671874999997 0.43212890625 0.15190755208333334 0.0406884765625
61 0.6890169270833333 0.4435205078125 0.13237630208333334 0.0472021484375
27 0.7986132812500001 0.4239892578125 0.12586588541666668 0.0699853515625
20 0.6911914062500001 0.2384423828125 0.23654296875 0.0960302734375
97 0.5598958333333334 0.595703125 0.16059244791666666 0.0520849609375
39 0.8485221354166667 0.6380224609375 0.1909700520833333 0.1009130859375
