44 0.3157552083333333 0.30029296875 0.14973958333333334 0.0537109375
20 0.66623046875 0.3068017578125 0.17794921875 0.0472021484375
21 0.6879361979166667 0.4484033203125 0.30382161458333334 0.1448583984375
15 0.45356119791666666 0.44921875 0.2864583333333333 0.1139306640625
102 0.25173828125000003 0.4801416015625 0.09982421875000001 0.05859375
82 0.32660807291666666 0.595703125 0.22786458333333334 0.1236962890625
62 0.16276041666666666 0.6624365234375 0.05642578125 0.0423193359375
62 0.28537109374999997 0.6844091796875 0.06727213541666667 0.0602197265625
42 0.5034700520833334 0.6551123046875 0.2387174479166667 0.0472021484375
48 0.6608072916666666 0.693359375 0.18445963541666666 0.048828125
48 0.7291666666666666 0.6510400390625 0.16927083333333334 0.0358056640625
