44 0.6749153645833333 0.2766943359375 0.078125 0.0520849609375
28 0.2289518229166667 0.2669287109375 0.16710286458333334 0.1009130859375
102 0.18229166666666666 0.4630517578125 0.16927083333333334 0.0634765625
21 0.4014778645833333 0.41015625 0.16927083333333334 0.1041650390625
47 0.7389322916666666 0.4191064453125 0.20182291666666666 0.0927734375
73 0.6401888020833334 0.4280615234375 0.16927083333333334 0.05859375
42 0.5045572916666666 0.6290673828125 0.14973958333333334 0.0309228515625
42 0.5555533854166667 0.60791015625 0.16059244791666666 0.0309228515625
42 0.3895377604166667 0.61279296875 0.18445963541666666 0.0406884765625
42 0.7758268229166667 0.6502294921875 0.23220703125 0.0895166015625
48 0.2191861979166667 0.6591796875 0.22135416666666666 0.0716162109375
62 0.5327669270833334 0.67138671875 0.1714388020833333 0.0699853515625
