15 0.16321097883597885 0.34510168650793654 0.31186838624338625 0.13365575396825397
102 0.48924603174603176 0.3701512896825397 0.2099702380952381 0.07958581349206349
81 0.7884953703703703 0.35923859126984126 0.1669345238095238 0.09744295634920634
47 0.09278439153439152 0.5986061507936508 0.15118055555555557 0.07518849206349207
44 0.28522817460317457 0.5556919642857143 0.2053769841269841 0.05384424603174603
40 0.565625 0.5333705357142857 0.26352513227513225 0.09848710317460319
42 0.830486111111111 0.5874454365079365 0.23107804232804233 0.09750992063492064
26 0.13378637566137566 0.7930803571428571 0.15381944444444443 0.08715277777777777
65 0.4019510582010582 0.755374503968254 0.19411375661375663 0.07126736111111112
21 0.6304398148148148 0.7122172619047619 0.1550595238095238 0.0940749007936508
28 0.8509854497354498 0.7791939484126984 0.23239748677248676 0.13874503968253968
48 0.5199933862433862 0.8283035714285714 0.23840277777777777 0.06831101190476191
