20 0.3515625 0.25634765625 0.20399088541666666 0.0764990234375
16 0.8365885416666666 0.2392578125 0.26258463541666666 0.126953125
16 0.6098111979166666 0.4581689453125 0.14757161458333332 0.0439453125
39 0.8181445312500001 0.4280615234375 0.1996549479166667 0.107421875
41 0.15516276041666668 0.4573583984375 0.22786458333333334 0.0455712890625
27 0.41449869791666666 0.4402685546875 0.14322916666666666 0.0667333984375
47 0.205078125 0.6494140625 0.25824869791666666 0.0911474609375
61 0.39822265625 0.6640625 0.12804036458333332 0.078125
97 0.49587890625 0.6209326171875 0.17578125 0.0797509765625
104 0.7150585937499999 0.57861328125 0.23220703125 0.1448583984375
34 0.8582877604166667 0.6730126953125 0.10199869791666666 0.0699853515625
