15 0.17852166525063723 0.23419108280254777 0.3412446898895497 0.3242324840764331
65 0.5027187765505523 0.3143312101910828 0.2805480033984707 0.1686910828025478
73 0.8186363636363636 0.3125541401273885 0.3375148683092608 0.16513694267515922
48 0.1521495327102804 0.6748248407643311 0.2075658453695837 0.1017452229299363
47 0.3370518266779949 0.679563694267516 0.14740866610025488 0.11122611464968153
16 0.5076508071367885 0.6210828025477707 0.24539932030586234 0.10496178343949045
102 0.7782582837723024 0.6374490445859873 0.3045284621920136 0.14095222929936305
44 0.254035683942226 0.8469394904458598 0.27236193712829226 0.1366656050955414
27 0.5613636363636364 0.8502006369426752 0.31807986406117245 0.15621337579617833
16 0.8153653355989804 0.8330987261146496 0.18607476635514017 0.13828662420382165
