27 0.18305224867724867 0.29549107142857145 0.27218584656084654 0.13364087301587302
97 0.475026455026455 0.31930059523809523 0.20137566137566137 0.08205109126984127
41 0.7759259259259259 0.3170684523809524 0.2079398148148148 0.102390873015873
15 0.20520171957671957 0.5080704365079365 0.3495568783068783 0.1173313492063492
47 0.5203306878306878 0.5284077380952381 0.14780092592592592 0.080625
26 0.8109755291005291 0.5475074404761905 0.2648082010582011 0.08212053571428572
20 0.15924603174603175 0.7204042658730159 0.17166997354497354 0.12533234126984127
64 0.4852744708994709 0.7305729166666667 0.22848875661375662 0.10102678571428571
25 0.71442791005291 0.6809598214285715 0.15107473544973546 0.08116815476190475
46 0.7802281746031745 0.763313492063492 0.13056547619047618 0.0673015873015873
