15 0.30490234374999997 0.28076171875 0.36675130208333334 0.0927734375
43 0.5967903645833333 0.2970361328125 0.13455078125 0.0374365234375
61 0.39822265625 0.46875 0.11501953124999999 0.048828125
20 0.26583984374999997 0.4508447265625 0.14106119791666666 0.0618505859375
19 0.52517578125 0.4899072265625 0.17361328125 0.0390625
97 0.8159700520833333 0.4728173828125 0.21267578125 0.0699853515625
47 0.5078125 0.6429052734375 0.18663411458333334 0.1041650390625
26 0.24197265625 0.6575537109375 0.32335286458333334 0.126953125
46 0.26150390625000003 0.5948876953125 0.14106119791666666 0.0699853515625
34 0.7584635416666666 0.6388330078125 0.18445963541666666 0.1155615234375
