15 0.341796875 0.2115869140625 0.37543619791666666 0.1171875
43 0.7400195312500001 0.25146484375 0.17361328125 0.0374365234375
79 0.29080078125000003 0.3898095703125 0.22135416666666666 0.0992822265625
19 0.48393880208333334 0.4207373046875 0.16059244791666666 0.0764990234375
61 0.6553841145833333 0.4280615234375 0.1171875 0.048828125
97 0.810546875 0.42724609375 0.09331380208333334 0.0569677734375
97 0.21375651041666666 0.6193017578125 0.13671875 0.0895166015625
46 0.390625 0.5875634765625 0.14322916666666666 0.078125
25 0.5023893229166666 0.6306982421875 0.10199869791666666 0.0634765625
27 0.8148893229166667 0.6111669921875 0.2105013020833333 0.1253271484375
