26 0.6977018229166667 0.51025390625 0.5620638020833334 0.0634765625
47 0.2484830729166667 0.4866552734375 0.2669270833333333 0.0618505859375
61 0.4112434895833333 0.458984375 0.15841796875 0.0553369140625
20 0.4329427083333333 0.283203125 0.17578125 0.0943994140625
97 0.1996549479166667 0.3084326171875 0.14757161458333332 0.0374365234375
27 0.7953580729166667 0.2872705078125 0.20182291666666666 0.0960302734375
34 0.6705729166666666 0.4427099609375 0.1909700520833333 0.078125
1 0.13020833333333334 0.67626953125 0.1171875 0.0960302734375
1 0.24522786458333334 0.6681298828125 0.12152994791666666 0.0862646484375
41 0.380859375 0.673828125 0.18445963541666666 0.068359375
46 0.5240885416666666 0.61279296875 0.10633463541666667 0.0960302734375
78 0.6792513020833333 0.6876611328125 0.17361328125 0.0830078125
25 0.7248242187499999 0.6209326171875 0.1953125 0.0797509765625
