104 0.50564453125 0.5900048828125 0.28211588541666666 0.1611328125
41 0.8138020833333334 0.6396484375 0.2387174479166667 0.087890625
41 0.6857617187499999 0.57373046875 0.09982421875000001 0.0406884765625
16 0.2734375 0.6241845703125 0.1996549479166667 0.0895166015625
97 0.8355013020833333 0.4427099609375 0.21267578125 0.1009130859375
61 0.29513671874999997 0.4402685546875 0.21267578125 0.0602197265625
47 0.5143229166666666 0.4337548828125 0.17361328125 0.0667333984375
1 0.19205729166666666 0.2604150390625 0.12804036458333332 0.0748681640625
27 0.42426432291666666 0.2718115234375 0.1714388020833333 0.0618505859375
20 0.50564453125 0.25634765625 0.14322916666666666 0.0862646484375
46 0.7345898437499999 0.2547216796875 0.2191861979166667 0.0862646484375
