97 0.7194010416666666 0.52734375 0.28862630208333334 0.2018212890625
19 0.14106119791666666 0.2018212890625 0.1953125 0.078125
97 0.37651692708333334 0.20263671875 0.25390625 0.0732421875
46 0.7172330729166667 0.19287109375 0.07161458333333333 0.0992822265625
61 0.8203125 0.2156591796875 0.16927083333333334 0.0569677734375
41 0.24088541666666666 0.40771484375 0.22135416666666666 0.0602197265625
78 0.4524739583333333 0.3841162109375 0.2191861979166667 0.0748681640625
39 0.25390625 0.615234375 0.30382161458333334 0.1139306640625
72 0.7421875 0.6339501953125 0.08680338541666667 0.0732421875
72 0.8506966145833333 0.6412744140625 0.09982421875000001 0.0651025390625
47 0.8626302083333334 0.185546875 0.14973958333333334 0.048828125
