15 0.16750661375661377 0.34187748015873015 0.31385251322751323 0.13216517857142857
97 0.48924603174603176 0.3691592261904762 0.2099702380952381 0.0776016865079365
78 0.7868419312169311 0.35824404761904766 0.1702414021164021 0.09545882936507936
46 0.09509920634920635 0.6055505952380952 0.16242063492063494 0.04939484126984127
43 0.2839054232804233 0.5559399801587303 0.20273148148148146 0.049379960317460315
39 0.5672784391534391 0.5385788690476191 0.260218253968254 0.10394593253968254
41 0.818912037037037 0.5854588293650794 0.227771164021164 0.10148313492063492
25 0.13345568783068784 0.7943204365079365 0.1597685185185185 0.08467261904761904
64 0.390707671957672 0.7628174603174602 0.20601851851851852 0.07623015873015873
20 0.6297784391534391 0.7114707341269841 0.14050925925925925 0.0876264880952381
27 0.8496626984126985 0.7747296626984127 0.2562037037037037 0.139734623015873
47 0.5077612433862434 0.8208630952380952 0.22583664021164018 0.08319196428571429
