109 0.27452473958333334 0.6193017578125 0.2669270833333333 0.1448583984375
16 0.17903645833333334 0.7023095703125 0.17578125 0.0634765625
42 0.3700065104166667 0.712890625 0.25824869791666666 0.0618505859375
40 0.8235677083333334 0.6787109375 0.18445963541666666 0.1106787109375
48 0.5674934895833333 0.4899072265625 0.1801236979166667 0.0651025390625
62 0.712890625 0.49560546875 0.12804036458333332 0.0472021484375
28 0.8865039062500001 0.4931640625 0.18445963541666666 0.0846337890625
102 0.3526497395833333 0.3157568359375 0.12369791666666667 0.048828125
102 0.4676627604166667 0.3165673828125 0.13237630208333334 0.0406884765625
21 0.7020377604166667 0.29296875 0.17578125 0.0943994140625
35 0.8430989583333334 0.2897119140625 0.11935546875000001 0.09765625
20 0.16927083333333334 0.3084326171875 0.14757161458333332 0.0569677734375
16 0.2387174479166667 0.48095703125 0.27777994791666666 0.0960302734375
8 0.63259765625 0.66162109375 0.16710286458333334 0.0895166015625
