26 0.36892578125 0.5875634765625 0.30382161458333334 0.1041650390625
78 0.27560546874999997 0.63232421875 0.10416666666666667 0.0537109375
78 0.17686848958333334 0.6306982421875 0.11501953124999999 0.0699853515625
34 0.26150390625000003 0.3995751953125 0.22352213541666666 0.0699853515625
34 0.61740234375 0.6046533203125 0.14539713541666668 0.0960302734375
34 0.7953580729166667 0.6193017578125 0.2191861979166667 0.0927734375
41 0.4991341145833333 0.4134130859375 0.18663411458333334 0.0423193359375
47 0.7693164062500001 0.4386376953125 0.29296875 0.0602197265625
47 0.6195768229166666 0.2734375 0.09765625 0.0455712890625
47 0.5360221354166667 0.27587890625 0.07378255208333333 0.0374365234375
25 0.41449869791666666 0.2701806640625 0.17361328125 0.0455712890625
