72 0.7996940104166667 0.43701171875 0.1801236979166667 0.0732421875
26 0.48068359375 0.6136083984375 0.30164713541666666 0.078125
78 0.26801432291666666 0.6583642578125 0.09765625 0.0537109375
78 0.17469401041666666 0.6575537109375 0.12369791666666667 0.0813818359375
47 0.24739583333333334 0.4573583984375 0.2734375 0.0618505859375
1 0.41449869791666666 0.2889013671875 0.11284505208333334 0.0537109375
1 0.5262565104166667 0.2880859375 0.09331380208333334 0.048828125
34 0.6901041666666666 0.2791357421875 0.18663411458333334 0.0569677734375
25 0.7834179687499999 0.6258154296875 0.1996549479166667 0.0927734375
41 0.4947916666666667 0.439453125 0.18663411458333334 0.048828125
