15 0.20895151754040206 0.2625362104640851 0.3223295230587308 0.29941767661838603
65 0.5183011430823808 0.3304995566065622 0.259329917225069 0.16125332545078333
73 0.8093614505321245 0.3332279042270174 0.3165589278675601 0.15131244457582027
48 0.1906424911312574 0.6695122672184451 0.1856562869530942 0.07944428022465268
47 0.3589199842333465 0.6786520839491575 0.15388253843121796 0.10021282885013301
16 0.5019629483642097 0.6171445462607154 0.24718959400867166 0.11245639964528525
102 0.7659519117067403 0.6369671888856046 0.28985021679148604 0.13108779190067987
44 0.2859558533701222 0.8286018326928761 0.25196689002759165 0.12885900088678687
27 0.5633898305084746 0.8366568134791604 0.27969649191959006 0.14188885604493054
27 0.8076744186046513 0.8244014188590009 0.19744580212849824 0.13277564292048477
