15 0.49069661458333336 0.2658544921875 0.34770833333333334 0.1052734375
20 0.18314453125 0.25974609375 0.18182942708333336 0.0979443359375
27 0.8102018229166666 0.2670751953125 0.19896484375 0.1126025390625
26 0.2080859375 0.456748046875 0.2837955729166667 0.081787109375
61 0.4104296875 0.4652880859375 0.14811848958333332 0.0549267578125
61 0.5785872395833334 0.4587744140625 0.10683593749999999 0.0516650390625
47 0.7716861979166666 0.495 0.23261067708333336 0.0411083984375
16 0.2992252604166667 0.6081591796875 0.23169270833333333 0.06234375
78 0.16416015625 0.6814306640625 0.20244791666666664 0.10146484375
97 0.5541796875 0.6806103515625 0.12962239583333332 0.0802978515625
34 0.46467447916666665 0.6325830078125 0.16545572916666665 0.08189453125
46 0.7798307291666666 0.60001953125 0.16425781250000002 0.0851318359375
72 0.8112890625000001 0.680205078125 0.18811848958333333 0.0843701171875
