109 0.2701822916666667 0.654296875 0.2495638020833333 0.13671875
40 0.17578125 0.7210302734375 0.1996549479166667 0.1171875
21 0.15950520833333334 0.5061865234375 0.23654296875 0.1171875
35 0.35373046875 0.4972314453125 0.09982421875000001 0.1155615234375
102 0.3645833333333333 0.35400390625 0.22569661458333334 0.0374365234375
28 0.6380208333333334 0.3523779296875 0.16492838541666668 0.0472021484375
48 0.6499544270833334 0.5135107421875 0.15408203125 0.0699853515625
62 0.7899283854166667 0.5354833984375 0.14322916666666666 0.0520849609375
16 0.80078125 0.6648779296875 0.22569661458333334 0.1481103515625
16 0.5013020833333334 0.7462548828125 0.22569661458333334 0.0797509765625
42 0.7790820312500001 0.7666015625 0.24739583333333334 0.0618505859375
