15 0.6480013020833334 0.2308544921875 0.34982421875 0.1036083984375
43 0.2514908854166667 0.2581103515625 0.16227864583333332 0.0458447265625
61 0.34859375000000004 0.4310986328125 0.10257161458333335 0.04513671875
97 0.13541666666666666 0.428251953125 0.1254296875 0.0736279296875
25 0.6838411458333334 0.415634765625 0.09932942708333332 0.0825732421875
39 0.8118359375 0.40953125 0.13061848958333333 0.0947802734375
27 0.26070963541666664 0.5975830078125 0.22628255208333334 0.10955078125
79 0.5802473958333333 0.5857763671875 0.2088671875 0.1005908203125
46 0.83298828125 0.6138623046875 0.16641276041666667 0.09328125
19 0.44623046875 0.2556689453125 0.15461588541666668 0.04095703125
