16 0.6911914062500001 0.30029296875 0.18880208333333334 0.0537109375
44 0.20724609375 0.2978515625 0.06727213541666667 0.0423193359375
81 0.2202669270833333 0.4630517578125 0.22352213541666666 0.0634765625
62 0.42751953125 0.4817724609375 0.1171875 0.048828125
47 0.4774283854166667 0.4264306640625 0.15625 0.0846337890625
42 0.6488736979166666 0.4825830078125 0.18229166666666666 0.0439453125
73 0.7975260416666666 0.4606103515625 0.15408203125 0.068359375
35 0.3450520833333333 0.6119775390625 0.21267578125 0.0716162109375
102 0.5305989583333334 0.6331396484375 0.12369791666666667 0.05859375
27 0.36567057291666666 0.6844091796875 0.39279296875 0.0569677734375
