41 0.16790674603174602 0.3618849206349206 0.2850925925925926 0.0782688492063492
25 0.41715608465608467 0.37346726190476187 0.10413690476190476 0.05756200396825397
39 0.7378339947089947 0.3541369047619048 0.32701719576719573 0.08639632936507938
20 0.1718849206349206 0.5426612103174604 0.1625595238095238 0.10234375
26 0.35640873015873015 0.5862400793650793 0.18962301587301586 0.0815079365079365
47 0.6092526455026456 0.5578472222222222 0.19134589947089947 0.07197172619047619
78 0.8440972222222223 0.588311011904762 0.22906746031746034 0.08227678571428572
15 0.16043650793650793 0.7630357142857143 0.21165013227513227 0.1651190476190476
97 0.46052910052910057 0.7628720238095238 0.15488425925925925 0.10404513888888889
72 0.8511541005291005 0.7662475198412699 0.2116798941798942 0.09729414682539683
