16 0.458984375 0.4549169921875 0.22352213541666666 0.0830078125
102 0.6499544270833334 0.3011083984375 0.07595703125 0.0423193359375
102 0.7703971354166667 0.3035498046875 0.08246744791666667 0.0472021484375
73 0.205078125 0.47119140625 0.10633463541666667 0.0764990234375
73 0.29513671874999997 0.4646826171875 0.11284505208333334 0.0830078125
44 0.7486979166666666 0.4728173828125 0.078125 0.0862646484375
27 0.634765625 0.4899072265625 0.13237630208333334 0.0423193359375
35 0.4036458333333333 0.6591796875 0.21701171875 0.0943994140625
21 0.8474414062500001 0.6494140625 0.18445963541666666 0.126953125
42 0.6510416666666666 0.6551123046875 0.1909700520833333 0.0406884765625
62 0.64236328125 0.6884765625 0.08246744791666667 0.0520849609375
62 0.56640625 0.6876611328125 0.07378255208333333 0.0602197265625
47 0.2571614583333333 0.6201171875 0.18445963541666666 0.09765625
