15 0.3483072916666667 0.2498388671875 0.39279296875 0.0960302734375
20 0.7552083333333334 0.2775048828125 0.15625 0.0439453125
44 0.234375 0.4435205078125 0.15190755208333334 0.0830078125
47 0.439453125 0.42236328125 0.14539713541666668 0.0634765625
28 0.7823372395833333 0.41748046875 0.21484375 0.1057958984375
82 0.32986328125000003 0.58349609375 0.20833333333333334 0.1090478515625
102 0.4286002604166667 0.64697265625 0.16710286458333334 0.0537109375
62 0.2007356770833333 0.6624365234375 0.12804036458333332 0.048828125
40 0.6098111979166666 0.6355810546875 0.12152994791666666 0.0927734375
26 0.8181445312500001 0.6355810546875 0.09982421875000001 0.0634765625
