25 0.1620436507936508 0.3755084325396825 0.16656415343915343 0.07287946428571429
97 0.4879596560846561 0.3667633928571428 0.21137566137566138 0.08103670634920636
39 0.7713822751322751 0.3552008928571429 0.30799603174603174 0.09638392857142858
46 0.08871031746031746 0.6037599206349207 0.1680952380952381 0.06128968253968254
78 0.39881944444444445 0.5841319444444444 0.1926884920634921 0.08187996031746031
43 0.796577380952381 0.5715922619047619 0.2472387566137566 0.06962549603174603
72 0.14345568783068782 0.7695734126984127 0.21203373015873017 0.09368303571428573
64 0.5031216931216932 0.7463417658730159 0.2473941798941799 0.06858878968253969
47 0.5034457671957672 0.8196230158730158 0.21772156084656083 0.06981150793650794
41 0.8432175925925925 0.7802281746031746 0.1933564814814815 0.14704861111111112
