1 0.9125455729166667 0.4899072265625 0.11067708333333333 0.087890625
1 0.810546875 0.4777001953125 0.10633463541666667 0.0830078125
47 0.5219205729166666 0.4988623046875 0.24522786458333334 0.0504541015625
78 0.2202669270833333 0.4996728515625 0.22352213541666666 0.068359375
97 0.33637369791666666 0.3255224609375 0.08246744791666667 0.0227880859375
97 0.24522786458333334 0.3287744140625 0.09114583333333333 0.0325537109375
34 0.6184895833333334 0.3068017578125 0.20399088541666666 0.0602197265625
41 0.18771484375 0.6746435546875 0.14106119791666666 0.0797509765625
61 0.48068359375 0.65673828125 0.1801236979166667 0.0569677734375
25 0.7996940104166667 0.6461572265625 0.1801236979166667 0.0748681640625
