15 0.624727626459144 0.2156591796875 0.3761348897535668 0.1188134765625
19 0.45071335927367057 0.2498388671875 0.1664526588845655 0.0504541015625
39 0.17942282749675748 0.3963232421875 0.15131647211413748 0.0797509765625
43 0.4798962386511025 0.3995751953125 0.2031971465629053 0.0439453125
25 0.6668806744487678 0.4060888671875 0.10592088197146564 0.1025390625
97 0.7965823605706873 0.42724609375 0.1621271076523995 0.0667333984375
79 0.2993968871595331 0.5655908203125 0.2313035019455253 0.1155615234375
46 0.5415045395590142 0.58837890625 0.1664526588845655 0.0862646484375
61 0.16861219195849547 0.6477880859375 0.1340272373540856 0.048828125
27 0.8041504539559015 0.6119775390625 0.23778858625162128 0.1204443359375
