16 0.07921223958333333 0.5078125 0.14973958333333334 0.107421875
62 0.3352864583333333 0.5086279296875 0.18880208333333334 0.0667333984375
48 0.5121549479166666 0.4801416015625 0.20833333333333334 0.0520849609375
102 0.8572070312500001 0.5037451171875 0.21267578125 0.0895166015625
109 0.6000455729166666 0.6355810546875 0.28429036458333334 0.2164697265625
1 0.19748046875 0.3190087890625 0.12586588541666668 0.078125
47 0.751953125 0.3157568359375 0.22352213541666666 0.087890625
21 0.29405598958333334 0.6803369140625 0.18445963541666666 0.1204443359375
28 0.15082682291666666 0.7177734375 0.17578125 0.0846337890625
42 0.8582877604166667 0.7137060546875 0.2105013020833333 0.0992822265625
