109 0.7986132812500001 0.6095361328125 0.3125 0.1839208984375
28 0.4850260416666667 0.65185546875 0.14539713541666668 0.0797509765625
42 0.2669270833333333 0.64208984375 0.21267578125 0.0504541015625
20 0.16818359375 0.68359375 0.1801236979166667 0.048828125
102 0.33745442708333334 0.4353857421875 0.2105013020833333 0.0862646484375
47 0.09765625 0.4207373046875 0.12152994791666666 0.0960302734375
16 0.13997395833333334 0.2205419921875 0.24522786458333334 0.1546240234375
62 0.14865234375 0.2840185546875 0.13671875 0.0341796875
16 0.52951171875 0.2604150390625 0.2300325520833333 0.068359375
21 0.78125 0.2327490234375 0.22135416666666666 0.1204443359375
40 0.7562955729166667 0.44189453125 0.30164713541666666 0.0960302734375
