20 0.6922721354166667 0.2620458984375 0.2387174479166667 0.0943994140625
34 0.3819466145833333 0.4427099609375 0.10416666666666667 0.0943994140625
41 0.16710286458333334 0.4671240234375 0.21701171875 0.0520849609375
27 0.6000455729166666 0.46142578125 0.15841796875 0.0895166015625
61 0.8333333333333334 0.46630859375 0.1996549479166667 0.0504541015625
47 0.7562955729166667 0.4459619140625 0.19748046875 0.048828125
104 0.25173828125000003 0.6103515625 0.3125 0.1953125
97 0.5110677083333334 0.6184912109375 0.08897786458333333 0.0618505859375
97 0.43511067708333334 0.6209326171875 0.08463541666666667 0.0634765625
16 0.58376953125 0.68115234375 0.2300325520833333 0.0699853515625
16 0.8083789062500001 0.6005859375 0.2105013020833333 0.1334619140625
39 0.8452669270833333 0.6608056640625 0.23654296875 0.1236962890625
