44 0.31170572916666667 0.280498046875 0.14598307291666665 0.046669921875
42 0.27319010416666667 0.4359814453125 0.19264322916666665 0.0451416015625
28 0.4022981770833333 0.4404638671875 0.12533854166666666 0.06875
62 0.569375 0.455927734375 0.0688671875 0.050849609375
62 0.7223372395833333 0.455517578125 0.123046875 0.048408203125
102 0.8649934895833334 0.451044921875 0.14578776041666666 0.08015625
16 0.22115234375 0.6301416015625 0.26298828125 0.0965478515625
82 0.553125 0.5861865234375 0.23706380208333333 0.1160595703125
27 0.5308463541666667 0.66107421875 0.20666015625 0.070517578125
48 0.7982682291666667 0.637060546875 0.20113932291666667 0.0859716796875
