109 0.6716601562500001 0.5647802734375 0.24522786458333334 0.1399755859375
40 0.5609830729166666 0.64208984375 0.2669270833333333 0.1025390625
20 0.17361328125 0.65185546875 0.1953125 0.0569677734375
73 0.36892578125 0.595703125 0.10416666666666667 0.0748681640625
82 0.27560546874999997 0.4109716796875 0.18663411458333334 0.0732421875
47 0.40255859375 0.4052734375 0.09765625 0.107421875
42 0.54470703125 0.4280615234375 0.1953125 0.0455712890625
48 0.8235677083333334 0.419921875 0.20182291666666666 0.0716162109375
102 0.2864583333333333 0.2547216796875 0.1171875 0.0504541015625
102 0.13237630208333334 0.2473974609375 0.17794921875 0.0553369140625
62 0.15625 0.4264306640625 0.08246744791666667 0.05859375
