15 0.33419921875 0.2555322265625 0.36892578125 0.1171875
19 0.23220703125 0.283203125 0.16927083333333334 0.0520849609375
43 0.732421875 0.2880859375 0.1714388020833333 0.0358056640625
79 0.2978645833333333 0.422763671875 0.22536458333333334 0.1022509765625
61 0.646484375 0.4547705078125 0.10662760416666667 0.0425732421875
97 0.7998177083333333 0.4553173828125 0.08343098958333334 0.0566845703125
25 0.1734765625 0.658564453125 0.106796875 0.075810546875
46 0.39479166666666665 0.620029296875 0.14143229166666668 0.0703564453125
39 0.59802734375 0.6441845703125 0.13991536458333334 0.09587890625
27 0.8063151041666666 0.63794921875 0.21795572916666664 0.13875
