20 0.4972330729166667 0.26123046875 0.16438802083333334 0.0927734375
46 0.7413736979166666 0.262451171875 0.21321614583333334 0.09033203125
1 0.19856770833333334 0.2734375 0.13020833333333334 0.0634765625
41 0.4069010416666667 0.291748046875 0.25390625 0.02685546875
61 0.2986653645833333 0.447998046875 0.20345052083333334 0.05615234375
47 0.5167643229166666 0.443115234375 0.1806640625 0.06591796875
97 0.8439127604166666 0.4486083984375 0.21647135416666666 0.093994140625
97 0.33447265625 0.6121826171875 0.15462239583333334 0.079345703125
97 0.2872721354166667 0.5926513671875 0.23274739583333334 0.072021484375
104 0.6868489583333334 0.58349609375 0.2799479166666667 0.21240234375
