26 0.1641005291005291 0.3691865079365079 0.16458002645502645 0.06621279761904762
102 0.48427579365079365 0.3590625 0.20197089947089947 0.07988095238095237
40 0.7741666666666667 0.3419469246031746 0.31747354497354496 0.09765376984126985
47 0.09214285714285714 0.5977976190476191 0.15934854497354498 0.05990823412698413
81 0.3984060846560846 0.5775967261904762 0.19604828042328043 0.08055803571428571
44 0.8038293650793652 0.5635590277777778 0.2230489417989418 0.059265873015873015
73 0.14601190476190476 0.7631274801587301 0.20075727513227515 0.08306299603174604
65 0.5057969576719576 0.7390699404761905 0.2510449735449735 0.07193700396825398
48 0.5009986772486772 0.8135044642857143 0.22335648148148146 0.06623759920634921
42 0.8393253968253968 0.7728546626984127 0.19153769841269844 0.14095486111111113
