16 0.8517773437499999 0.4427099609375 0.20616536458333334 0.0520849609375
16 0.6065559895833333 0.400390625 0.23220703125 0.1334619140625
20 0.48393880208333334 0.4117822265625 0.17794921875 0.1139306640625
41 0.166015625 0.4329443359375 0.18880208333333334 0.087890625
97 0.16492838541666668 0.2433251953125 0.2300325520833333 0.0732421875
19 0.2897135416666667 0.63232421875 0.16276041666666666 0.0895166015625
61 0.8116341145833333 0.6624365234375 0.16927083333333334 0.068359375
47 0.7975260416666666 0.5989599609375 0.14106119791666666 0.0520849609375
104 0.5013020833333334 0.5672216796875 0.2387174479166667 0.1416015625
27 0.24305338541666666 0.7486962890625 0.16492838541666668 0.0651025390625
