47 0.15792328042328044 0.37709573412698416 0.1690244708994709 0.07363591269841269
64 0.4766765873015873 0.3768452380952381 0.2509755291005291 0.05825644841269841
20 0.8559457671957672 0.339890873015873 0.22247685185185184 0.1281969246031746
15 0.16321428571428573 0.5393253968253968 0.1796031746031746 0.11039434523809524
39 0.40756944444444443 0.5695858134920635 0.2781018518518519 0.10147321428571428
43 0.8000661375661376 0.5795064484126985 0.22314484126984127 0.08163194444444444
72 0.15263227513227512 0.7687723214285714 0.21134920634920634 0.08813988095238096
97 0.5434755291005291 0.7270982142857142 0.1861541005291005 0.08415674603174603
25 0.5322321428571428 0.8096999007936508 0.17689814814814817 0.08566964285714286
41 0.8440443121693121 0.7853943452380953 0.19867063492063491 0.146187996031746
