15 0.15306878306878308 0.32903273809523814 0.2987202380952381 0.0967485119047619
48 0.22689814814814815 0.38997519841269845 0.2603108465608465 0.04970486111111111
102 0.48570767195767195 0.3698859126984127 0.20340939153439153 0.07562748015873016
81 0.7885978835978835 0.3632638888888889 0.1628505291005291 0.09421378968253968
44 0.28321097883597884 0.5540128968253969 0.1999272486772487 0.042368551587301594
47 0.24224867724867724 0.6017162698412698 0.1441137566137566 0.052088293650793656
40 0.5996858465608466 0.5341517857142857 0.22244378306878307 0.09812748015873016
42 0.8217724867724867 0.5879761904761904 0.22474537037037037 0.09560763888888889
26 0.1325033068783069 0.7953720238095239 0.149864417989418 0.07461061507936508
65 0.39006283068783065 0.7662599206349207 0.20471230158730158 0.07759424603174604
21 0.6294345238095238 0.7094320436507936 0.14157407407407407 0.09859126984126984
28 0.8595436507936509 0.7830803571428572 0.22994708994708996 0.12592261904761906
