73 0.8018684895833333 0.4256201171875 0.19314453125 0.0732421875
63 0.21809895833333334 0.1953125 0.19314453125 0.107421875
26 0.8355013020833333 0.21484375 0.1171875 0.0520849609375
48 0.1714388020833333 0.4361962890625 0.24739583333333334 0.048828125
48 0.1714388020833333 0.3955078125 0.14757161458333332 0.0651025390625
81 0.4871940104166667 0.4248046875 0.20182291666666666 0.0716162109375
42 0.24630859375 0.6559228515625 0.24088541666666666 0.05859375
27 0.5262565104166667 0.6363916015625 0.18880208333333334 0.0358056640625
47 0.8441861979166667 0.6298828125 0.08680338541666667 0.1041650390625
102 0.7063802083333334 0.76171875 0.23654296875 0.0813818359375
