104 0.52517578125 0.5558251953125 0.234375 0.1350927734375
19 0.537109375 0.6209326171875 0.16276041666666666 0.0862646484375
41 0.24522786458333334 0.6485986328125 0.2387174479166667 0.0602197265625
16 0.4069010416666667 0.654296875 0.1714388020833333 0.0553369140625
27 0.6499544270833334 0.6429052734375 0.16276041666666666 0.0846337890625
61 0.8322460937499999 0.654296875 0.1714388020833333 0.068359375
47 0.8333333333333334 0.60302734375 0.15625 0.0699853515625
16 0.615234375 0.4036474609375 0.24088541666666666 0.087890625
20 0.42426432291666666 0.3987646484375 0.15841796875 0.107421875
97 0.26475911458333334 0.419921875 0.2864583333333333 0.0911474609375
