79 0.8409309895833333 0.42236328125 0.24088541666666666 0.1350927734375
97 0.31358723958333334 0.4443359375 0.11067708333333333 0.0716162109375
97 0.4210091145833333 0.44189453125 0.078125 0.0667333984375
61 0.5034700520833334 0.4557275390625 0.06510416666666667 0.0520849609375
61 0.5729166666666666 0.4524755859375 0.06076171875 0.048828125
16 0.19314453125 0.2303076171875 0.24305338541666666 0.1318359375
43 0.4915364583333333 0.2701806640625 0.22352213541666666 0.0520849609375
27 0.25824869791666666 0.6111669921875 0.20399088541666666 0.1123046875
25 0.49262369791666666 0.6453466796875 0.13455078125 0.0895166015625
25 0.6358528645833333 0.6681298828125 0.12152994791666666 0.0862646484375
41 0.7389322916666666 0.6241845703125 0.14973958333333334 0.0472021484375
41 0.8409309895833333 0.6640625 0.14973958333333334 0.0813818359375
