82 0.6749153645833333 0.2132177734375 0.2734375 0.1595068359375
28 0.5696614583333334 0.3987646484375 0.18445963541666666 0.1041650390625
44 0.3059895833333333 0.4378271484375 0.24305338541666666 0.078125
62 0.791015625 0.44677734375 0.11501953124999999 0.0537109375
26 0.263671875 0.5810546875 0.1801236979166667 0.078125
48 0.27235026041666666 0.6453466796875 0.10199869791666666 0.0374365234375
48 0.35916015625 0.64697265625 0.09331380208333334 0.0374365234375
27 0.5457877604166667 0.65185546875 0.22786458333333334 0.0569677734375
42 0.59787109375 0.6380224609375 0.1714388020833333 0.0651025390625
16 0.7269986979166667 0.6014013671875 0.1996549479166667 0.0634765625
28 0.8344205729166667 0.6494140625 0.14106119791666666 0.0846337890625
102 0.5653190104166667 0.7356787109375 0.08029296875 0.0618505859375
102 0.6412760416666666 0.7373046875 0.06727213541666667 0.0553369140625
102 0.7921028645833333 0.7275390625 0.08680338541666667 0.0423193359375
