25 0.8094596354166667 0.4288720703125 0.13455078125 0.0797509765625
79 0.693359375 0.4012060546875 0.24522786458333334 0.1123046875
19 0.4698372395833333 0.4215478515625 0.11067708333333333 0.0716162109375
43 0.28429036458333334 0.2644873046875 0.21701171875 0.0406884765625
46 0.23111979166666666 0.4109716796875 0.18445963541666666 0.0895166015625
15 0.32009765625000003 0.55908203125 0.20616536458333334 0.1578759765625
61 0.19314453125 0.6404638671875 0.13455078125 0.0406884765625
97 0.5360221354166667 0.6437158203125 0.08680338541666667 0.0634765625
97 0.4557291666666667 0.6429052734375 0.08246744791666667 0.0553369140625
27 0.6315104166666666 0.58349609375 0.21267578125 0.1057958984375
39 0.810546875 0.61767578125 0.20182291666666666 0.0992822265625
