102 0.2202669270833333 0.2156591796875 0.27560546874999997 0.0472021484375
48 0.7161458333333334 0.2042626953125 0.20833333333333334 0.0504541015625
42 0.16167317708333334 0.38818359375 0.1801236979166667 0.0927734375
81 0.5067252604166667 0.3938818359375 0.10199869791666666 0.0520849609375
81 0.361328125 0.3849267578125 0.20616536458333334 0.0764990234375
16 0.8213997395833333 0.4020166015625 0.22786458333333334 0.0553369140625
16 0.15408203125 0.5476904296875 0.1909700520833333 0.1936865234375
21 0.3255208333333333 0.5721044921875 0.18229166666666666 0.1123046875
20 0.4361979166666667 0.56396484375 0.13888671875 0.0732421875
109 0.7085481770833333 0.5379248046875 0.2669270833333333 0.1741552734375
28 0.24305338541666666 0.6974267578125 0.15190755208333334 0.0797509765625
47 0.6184895833333334 0.7014990234375 0.1909700520833333 0.0716162109375
