15 0.31141276041666666 0.5826806640625 0.23220703125 0.15625
15 0.39496744791666666 0.66650390625 0.12152994791666666 0.0569677734375
97 0.5143229166666666 0.6388330078125 0.06510416666666667 0.0602197265625
19 0.7345898437499999 0.283203125 0.15408203125 0.0390625
97 0.625 0.6380224609375 0.078125 0.0618505859375
79 0.21593098958333334 0.41748046875 0.2669270833333333 0.1188134765625
27 0.7465299479166667 0.4288720703125 0.22135416666666666 0.1090478515625
46 0.5631510416666666 0.4296875 0.20182291666666666 0.0813818359375
46 0.27452473958333334 0.2783203125 0.2105013020833333 0.029296875
25 0.5034700520833334 0.2889013671875 0.09982421875000001 0.0276708984375
39 0.7975260416666666 0.63720703125 0.18880208333333334 0.1188134765625
