26 0.15408203125 0.21484375 0.21267578125 0.1822900390625
39 0.35916015625 0.42724609375 0.14539713541666668 0.0992822265625
97 0.21484375 0.4500341796875 0.17361328125 0.0602197265625
61 0.5240885416666666 0.4606103515625 0.08897786458333333 0.0651025390625
61 0.61306640625 0.4646826171875 0.06727213541666667 0.0504541015625
47 0.7573763020833333 0.4728173828125 0.26475911458333334 0.0504541015625
12 0.3895377604166667 0.6453466796875 0.31033203125000003 0.0602197265625
41 0.31466796874999997 0.59814453125 0.26909505208333334 0.0374365234375
62 0.7541210937499999 0.6380224609375 0.18880208333333334 0.13671875
20 0.6184895833333334 0.5900048828125 0.20399088541666666 0.1285791015625
