21 0.7248242187499999 0.2547216796875 0.17794921875 0.0927734375
35 0.8626302083333334 0.2522802734375 0.11935546875000001 0.1041650390625
102 0.4296875 0.2799462890625 0.2300325520833333 0.048828125
20 0.185546875 0.2734375 0.14973958333333334 0.0553369140625
40 0.45138671875 0.60791015625 0.1909700520833333 0.0992822265625
109 0.7986132812500001 0.6005859375 0.29513671874999997 0.1822900390625
16 0.16818359375 0.6241845703125 0.24088541666666666 0.1839208984375
42 0.38302734375 0.6770849609375 0.18445963541666666 0.0943994140625
16 0.6043815104166667 0.6844091796875 0.25824869791666666 0.0634765625
48 0.5870247395833333 0.4500341796875 0.18880208333333334 0.0667333984375
62 0.7378450520833333 0.458984375 0.13455078125 0.0455712890625
28 0.9058138020833333 0.4508447265625 0.18836588541666666 0.0943994140625
