104 0.7613802083333333 0.53978515625 0.25756510416666667 0.13068359375
78 0.15930989583333333 0.58537109375 0.1523046875 0.094892578125
72 0.26833333333333337 0.6040869140625 0.14908203125 0.083515625
46 0.15060546875 0.3761572265625 0.09070963541666667 0.08662109375
61 0.23522786458333333 0.39568359375 0.09067708333333334 0.0377880859375
16 0.18856119791666667 0.170205078125 0.24475260416666667 0.1434716796875
27 0.17013020833333334 0.222294921875 0.16881510416666667 0.062099609375
20 0.7928450520833333 0.210087890625 0.19029296875 0.1060546875
19 0.6393424479166666 0.23369140625 0.15020833333333333 0.0653662109375
97 0.5905143229166666 0.3989501953125 0.19578776041666668 0.08337890625
47 0.6360807291666667 0.5992041015625 0.16973307291666664 0.083505859375
16 0.39578125 0.387958984375 0.20345052083333334 0.0955810546875
39 0.80423828125 0.3989453125 0.20656249999999998 0.0736083984375
