27 0.4698372395833333 0.5810546875 0.3450520833333333 0.0520849609375
1 0.22135416666666666 0.6119775390625 0.22135416666666666 0.1106787109375
102 0.6358528645833333 0.62255859375 0.18229166666666666 0.0992822265625
62 0.8615429687499999 0.634765625 0.15625 0.0943994140625
42 0.7801627604166667 0.5777978515625 0.19748046875 0.0618505859375
26 0.21267578125 0.2506494140625 0.21267578125 0.0423193359375
35 0.7638867187499999 0.2294921875 0.37326171875 0.0748681640625
21 0.7530403645833333 0.3743505859375 0.16927083333333334 0.1171875
73 0.57833984375 0.4109716796875 0.09765625 0.0699853515625
73 0.47417317708333334 0.4166650390625 0.12369791666666667 0.0748681640625
