109 0.6890169270833333 0.62255859375 0.27126953125000003 0.2034521484375
1 0.49262369791666666 0.6681298828125 0.09982421875000001 0.0830078125
28 0.3352864583333333 0.65673828125 0.15408203125 0.0797509765625
16 0.2799479166666667 0.6339501953125 0.21267578125 0.0634765625
102 0.8485221354166667 0.4899072265625 0.22569661458333334 0.0943994140625
48 0.5143229166666666 0.4817724609375 0.16492838541666668 0.0618505859375
62 0.30164713541666666 0.4923486328125 0.1996549479166667 0.0537109375
42 0.2300325520833333 0.3206396484375 0.25607421874999997 0.0553369140625
21 0.4969596354166667 0.2978515625 0.18663411458333334 0.0943994140625
47 0.7465299479166667 0.3043603515625 0.21701171875 0.087890625
