15 0.30164713541666666 0.576171875 0.20833333333333334 0.1595068359375
47 0.20291015625 0.4093408203125 0.15408203125 0.0862646484375
82 0.4503059895833333 0.4109716796875 0.22352213541666666 0.1090478515625
28 0.7628059895833333 0.4166650390625 0.22352213541666666 0.107421875
44 0.26909505208333334 0.2652978515625 0.234375 0.0358056640625
20 0.7508658854166667 0.2701806640625 0.15190755208333334 0.0358056640625
26 0.5067252604166667 0.2718115234375 0.09331380208333334 0.0325537109375
62 0.46332682291666666 0.6583642578125 0.11935546875000001 0.0537109375
102 0.26801432291666666 0.6453466796875 0.08463541666666667 0.0537109375
102 0.14973958333333334 0.65185546875 0.08680338541666667 0.0602197265625
40 0.8181445312500001 0.6388330078125 0.16927083333333334 0.0992822265625
