78 0.40798828125 0.6355810546875 0.25607421874999997 0.0797509765625
41 0.7573763020833333 0.64697265625 0.20833333333333334 0.0504541015625
16 0.27126953125000003 0.5818701171875 0.234375 0.0830078125
46 0.5327669270833334 0.5672216796875 0.16710286458333334 0.0927734375
26 0.7335091145833333 0.44677734375 0.24739583333333334 0.0732421875
97 0.5479622395833333 0.4443359375 0.15841796875 0.0716162109375
72 0.27452473958333334 0.4264306640625 0.16276041666666666 0.0748681640625
43 0.21701171875 0.2701806640625 0.08680338541666667 0.048828125
34 0.498046875 0.263671875 0.21484375 0.0716162109375
61 0.7107226562500001 0.29296875 0.12804036458333332 0.0260400390625
