97 0.8539518229166667 0.6477880859375 0.22786458333333334 0.1139306640625
104 0.25390625 0.5940771484375 0.3125 0.1985693359375
104 0.50998046875 0.6022119140625 0.08246744791666667 0.068359375
104 0.42534505208333334 0.59814453125 0.08246744791666667 0.0634765625
104 0.6098111979166666 0.6608056640625 0.16927083333333334 0.1041650390625
104 0.810546875 0.5818701171875 0.23220703125 0.1318359375
104 0.7530403645833333 0.4532861328125 0.16927083333333334 0.0569677734375
16 0.5034700520833334 0.4484033203125 0.06510416666666667 0.0504541015625
16 0.61306640625 0.4459619140625 0.14106119791666666 0.0390625
34 0.38520182291666666 0.4305029296875 0.10199869791666666 0.0732421875
41 0.13020833333333334 0.2604150390625 0.20399088541666666 0.0520849609375
20 0.6911914062500001 0.2433251953125 0.25824869791666666 0.1025390625
