48 0.7280794270833333 0.2400732421875 0.22352213541666666 0.0472021484375
81 0.3971354166666667 0.4134130859375 0.27777994791666666 0.068359375
42 0.14757161458333332 0.4215478515625 0.20833333333333334 0.0813818359375
16 0.6608072916666666 0.4158544921875 0.22352213541666666 0.0895166015625
16 0.8528645833333334 0.4337548828125 0.16492838541666668 0.0667333984375
20 0.20291015625 0.62744140625 0.17578125 0.0927734375
21 0.26909505208333334 0.5802392578125 0.15625 0.1057958984375
47 0.6260872395833333 0.73974609375 0.19314453125 0.0667333984375
28 0.224609375 0.73974609375 0.15408203125 0.0667333984375
102 0.49262369791666666 0.6217431640625 0.18663411458333334 0.0846337890625
73 0.7899283854166667 0.6380224609375 0.07378255208333333 0.0618505859375
109 0.712890625 0.556640625 0.24088541666666666 0.13671875
