21 0.20182291666666666 0.5110693359375 0.22135416666666666 0.1009130859375
102 0.5425325520833334 0.3662109375 0.18229166666666666 0.048828125
28 0.6955273437499999 0.3572607421875 0.11935546875000001 0.0732421875
35 0.3819466145833333 0.5061865234375 0.08680338541666667 0.09765625
42 0.5327669270833334 0.5452490234375 0.20182291666666666 0.048828125
47 0.6825065104166667 0.517578125 0.14973958333333334 0.0716162109375
62 0.7953580729166667 0.5379248046875 0.12369791666666667 0.0472021484375
109 0.302734375 0.6485986328125 0.23220703125 0.1253271484375
40 0.18771484375 0.7161474609375 0.15841796875 0.107421875
20 0.4774283854166667 0.7381201171875 0.15190755208333334 0.0472021484375
16 0.712890625 0.7503271484375 0.27560546874999997 0.05859375
16 0.8192252604166667 0.6640625 0.19748046875 0.1139306640625
8 0.8333333333333334 0.70068359375 0.16927083333333334 0.0830078125
