41 0.16569775132275133 0.36396825396825394 0.28188161375661375 0.08364831349206349
46 0.4949669312169312 0.38183531746031746 0.16072751322751325 0.04383928571428571
27 0.8351884920634921 0.3408134920634921 0.1995138888888889 0.11366319444444445
25 0.34927579365079364 0.5476140873015873 0.1155654761904762 0.056431051587301585
26 0.20800595238095237 0.5819047619047618 0.18369708994708994 0.07745039682539683
72 0.5998677248677249 0.5511160714285714 0.19519179894179894 0.07183035714285714
78 0.8440079365079366 0.5897271825396826 0.21715608465608463 0.0679141865079365
64 0.3640376984126984 0.72921875 0.1973181216931217 0.06990079365079364
47 0.2084259259259259 0.7881919642857143 0.15842592592592591 0.08432291666666666
16 0.5353306878306878 0.7955704365079365 0.16684854497354498 0.08788938492063492
97 0.8044047619047618 0.7628100198412698 0.17151785714285714 0.09231894841269842
