48 0.16156084656084657 0.37064484126984126 0.1829100529100529 0.07065724206349205
65 0.48064814814814816 0.37411954365079364 0.2324570105820106 0.06768105158730159
21 0.8585912698412699 0.3473338293650794 0.22776455026455025 0.13315972222222222
15 0.1618915343915344 0.5447842261904763 0.17696097883597883 0.1312326388888889
40 0.4079001322751323 0.5676041666666667 0.2986011904761905 0.11734871031746032
44 0.7984093915343915 0.5800024801587302 0.252906746031746 0.07270337301587301
73 0.14899470899470899 0.7687723214285714 0.19746362433862433 0.08813988095238096
102 0.5467824074074075 0.7333010912698413 0.1795403439153439 0.09159970238095237
42 0.8523115079365079 0.785890376984127 0.20858796296296295 0.13725942460317458
26 0.5325628306878307 0.813172123015873 0.19739748677248675 0.08269593253968253
