72 0.7986132812500001 0.4622412109375 0.09114583333333333 0.0618505859375
72 0.6749153645833333 0.45166015625 0.09114583333333333 0.0667333984375
72 0.5848502604166667 0.4541015625 0.08463541666666667 0.0553369140625
78 0.234375 0.4581689453125 0.21701171875 0.0504541015625
34 0.50564453125 0.28564453125 0.21267578125 0.0602197265625
61 0.7172330729166667 0.3173828125 0.11501953124999999 0.0162744140625
43 0.22677734375 0.29541015625 0.08029296875 0.0472021484375
26 0.7736523437499999 0.6599951171875 0.24522786458333334 0.1090478515625
46 0.5425325520833334 0.595703125 0.16492838541666668 0.09765625
41 0.45356119791666666 0.6730126953125 0.13455078125 0.0569677734375
16 0.26801432291666666 0.6087255859375 0.25390625 0.0846337890625
97 0.29080078125000003 0.66162109375 0.08680338541666667 0.0602197265625
97 0.20616536458333334 0.6559228515625 0.078125 0.05859375
