109 0.7964388020833333 0.5623388671875 0.3255208333333333 0.1806640625
42 0.2897135416666667 0.595703125 0.23654296875 0.0553369140625
20 0.5512174479166666 0.6290673828125 0.1953125 0.0602197265625
47 0.12478515624999999 0.3792333984375 0.09765625 0.1009130859375
62 0.22569661458333334 0.4060888671875 0.09114583333333333 0.0569677734375
102 0.576171875 0.3955078125 0.2191861979166667 0.0943994140625
40 0.8018684895833333 0.3898095703125 0.2495638020833333 0.0797509765625
21 0.7866731770833333 0.1953125 0.23220703125 0.1236962890625
48 0.41015625 0.2360009765625 0.17794921875 0.0390625
16 0.16276041666666666 0.17578125 0.24739583333333334 0.1692724609375
