12 0.7454427083333334 0.6925439453125 0.3624153645833333 0.0699853515625
26 0.39496744791666666 0.6705712890625 0.21267578125 0.09765625
61 0.22677734375 0.6632470703125 0.11935546875000001 0.0667333984375
47 0.11610026041666667 0.46875 0.18445963541666666 0.0520849609375
20 0.5750846354166667 0.3995751953125 0.26909505208333334 0.1090478515625
62 0.8224804687499999 0.4386376953125 0.234375 0.1546240234375
97 0.65212890625 0.4622412109375 0.08029296875 0.05859375
97 0.53494140625 0.4671240234375 0.14973958333333334 0.0813818359375
41 0.5989583333333334 0.6461572265625 0.21267578125 0.078125
39 0.38845703125 0.59814453125 0.13888671875 0.0504541015625
