21 0.39011703511053314 0.2604150390625 0.16038361508452534 0.0943994140625
27 0.5396618985695709 0.2962255859375 0.2037256176853056 0.048828125
26 0.13328998699609884 0.44921875 0.17988946684005203 0.1009130859375
48 0.30125487646293886 0.43701171875 0.18639141742522758 0.0537109375
35 0.485481144343303 0.4150390625 0.16038361508452534 0.0813818359375
62 0.5602535760728218 0.4549169921875 0.06285435630689207 0.0439453125
62 0.6772886866059818 0.46875 0.13220416124837453 0.068359375
47 0.812743823146944 0.4280615234375 0.09969440832249676 0.0943994140625
1 0.2123992197659298 0.615234375 0.17771781534460337 0.087890625
42 0.29908972691807545 0.6648779296875 0.22106631989596878 0.0797509765625
81 0.5017360208062418 0.6193017578125 0.17121586475942782 0.0732421875
28 0.7097984395318596 0.5891943359375 0.1625487646293888 0.1139306640625
102 0.8604226267880364 0.6648779296875 0.14737971391417423 0.0862646484375
