26 0.7237434895833333 0.4801416015625 0.19314453125 0.0748681640625
34 0.44705078125 0.4573583984375 0.26909505208333334 0.107421875
72 0.24197265625 0.44921875 0.18880208333333334 0.0716162109375
62 0.49587890625 0.2783203125 0.18445963541666666 0.087890625
43 0.7280794270833333 0.302734375 0.07595703125 0.0520849609375
43 0.27235026041666666 0.6070947265625 0.1714388020833333 0.0813818359375
97 0.27235026041666666 0.6730126953125 0.11067708333333333 0.0569677734375
97 0.13780598958333332 0.6795263671875 0.08897786458333333 0.0699853515625
16 0.5110677083333334 0.60791015625 0.2191861979166667 0.0732421875
61 0.595703125 0.67626953125 0.14106119791666666 0.0504541015625
41 0.7584635416666666 0.6591796875 0.10633463541666667 0.0618505859375
