25 0.16125992063492062 0.3676016865079365 0.16757275132275132 0.06822420634920634
97 0.48241071428571425 0.3584300595238095 0.20244378306878308 0.08161458333333334
39 0.7783564814814815 0.3425124007936508 0.3228968253968254 0.10190724206349205
46 0.08954365079365079 0.5945436507936508 0.15710648148148149 0.05973710317460318
78 0.39743716931216927 0.5759945436507936 0.19870370370370372 0.07703621031746032
43 0.8012929894179894 0.5623883928571429 0.21766534391534392 0.0679563492063492
72 0.1460846560846561 0.763467261904762 0.20672619047619048 0.08480406746031746
64 0.5041931216931217 0.7381125992063492 0.2402281746031746 0.07282738095238095
47 0.5030886243386243 0.8124206349206349 0.21825066137566138 0.06937996031746033
41 0.8420271164021164 0.770436507936508 0.19335978835978837 0.1418030753968254
