47 0.16087632275132274 0.37855406746031744 0.18316798941798942 0.06276289682539683
64 0.47956679894179893 0.3781969246031746 0.24576388888888892 0.05892857142857143
20 0.8540145502645502 0.33580853174603176 0.22411375661375663 0.12096974206349206
15 0.1593617724867725 0.5287748015873016 0.18013558201058202 0.11017857142857143
39 0.40742724867724867 0.5688318452380953 0.2930787037037037 0.10282242063492063
43 0.805162037037037 0.5698883928571429 0.2097089947089947 0.06432787698412698
72 0.14620039682539682 0.7666269841269842 0.19130291005291006 0.08919146825396826
97 0.5416699735449736 0.7274231150793651 0.17004298941798943 0.0857514880952381
25 0.5377876984126984 0.8090252976190475 0.17477513227513228 0.07714781746031746
25 0.843505291005291 0.7802033730158731 0.1905952380952381 0.15070684523809524
