102 0.2604166666666667 0.4353857421875 0.28211588541666666 0.0862646484375
21 0.40473307291666666 0.4093408203125 0.1714388020833333 0.1155615234375
16 0.5891927083333334 0.4158544921875 0.2191861979166667 0.0830078125
42 0.23546223958333334 0.65185546875 0.20616536458333334 0.0732421875
16 0.3841145833333333 0.66162109375 0.14322916666666666 0.0537109375
28 0.6282552083333334 0.64453125 0.13671875 0.0813818359375
62 0.7703971354166667 0.65185546875 0.1171875 0.0602197265625
62 0.8528645833333334 0.6477880859375 0.06944661458333333 0.0455712890625
48 0.7975260416666666 0.60302734375 0.16710286458333334 0.0732421875
20 0.517578125 0.6233740234375 0.13671875 0.0748681640625
109 0.498046875 0.55908203125 0.24522786458333334 0.1253271484375
