15 0.3092447916666667 0.5867529296875 0.21484375 0.1513671875
102 0.27777994791666666 0.65185546875 0.09114583333333333 0.0537109375
102 0.16059244791666666 0.654296875 0.08680338541666667 0.0618505859375
47 0.22677734375 0.4353857421875 0.19748046875 0.0797509765625
82 0.68359375 0.4264306640625 0.22135416666666666 0.1106787109375
26 0.8083789062500001 0.4508447265625 0.13671875 0.0911474609375
20 0.7432747395833333 0.2864599609375 0.15408203125 0.0390625
44 0.27560546874999997 0.2864599609375 0.22569661458333334 0.0358056640625
40 0.8138020833333334 0.6437158203125 0.18229166666666666 0.1155615234375
62 0.63259765625 0.6852197265625 0.12369791666666667 0.05859375
28 0.6304231770833334 0.6095361328125 0.21484375 0.1090478515625
