15 0.7769075520833333 0.2547216796875 0.3776041666666667 0.1123046875
27 0.21809895833333334 0.2571630859375 0.2105013020833333 0.09765625
27 0.17361328125 0.4654931640625 0.09982421875000001 0.068359375
20 0.7747395833333334 0.4044580078125 0.15190755208333334 0.0960302734375
97 0.6293424479166666 0.46142578125 0.08246744791666667 0.0569677734375
97 0.5121549479166666 0.4654931640625 0.09982421875000001 0.0553369140625
26 0.34722005208333334 0.4508447265625 0.4557291666666667 0.029296875
16 0.31466796874999997 0.5997705078125 0.1953125 0.0862646484375
78 0.5381966145833333 0.6193017578125 0.17361328125 0.0699853515625
46 0.7682291666666666 0.59326171875 0.16059244791666666 0.0797509765625
34 0.1714388020833333 0.64208984375 0.2387174479166667 0.1057958984375
47 0.4459635416666667 0.6868505859375 0.15841796875 0.068359375
72 0.8116341145833333 0.6697607421875 0.1909700520833333 0.0830078125
