39 0.7758268229166667 0.5745458984375 0.1714388020833333 0.0813818359375
20 0.61306640625 0.5509423828125 0.14973958333333334 0.1090478515625
16 0.52951171875 0.5851220703125 0.09982421875000001 0.0699853515625
16 0.185546875 0.5485009765625 0.22786458333333334 0.1725244140625
61 0.3385416666666667 0.4068994140625 0.12586588541666668 0.0455712890625
47 0.4524739583333333 0.4142236328125 0.09331380208333334 0.0341796875
47 0.205078125 0.4109716796875 0.14106119791666666 0.0374365234375
47 0.34722005208333334 0.3678369140625 0.16492838541666668 0.0455712890625
46 0.6119791666666666 0.361328125 0.18663411458333334 0.0911474609375
41 0.7921028645833333 0.4085302734375 0.2604166666666667 0.0520849609375
97 0.40798828125 0.5436181640625 0.16927083333333334 0.0651025390625
19 0.23763020833333334 0.6892919921875 0.14539713541666668 0.0634765625
