44 0.20430989583333334 0.25892578125 0.07442057291666666 0.0572412109375
35 0.49341796875 0.2524169921875 0.19039713541666667 0.073515625
73 0.24172526041666667 0.4274365234375 0.18180989583333332 0.0719970703125
102 0.4554557291666667 0.4201123046875 0.1405078125 0.0605908203125
27 0.65505859375 0.45185546875 0.2923177083333333 0.0524755859375
42 0.8465494791666667 0.463662109375 0.18701822916666666 0.051669921875
16 0.24882161458333332 0.5788525390625 0.25322916666666667 0.081865234375
62 0.20701822916666668 0.6431591796875 0.12540364583333333 0.0542236328125
47 0.520546875 0.56990234375 0.15350260416666667 0.093251953125
81 0.7087695312500001 0.646015625 0.19791666666666666 0.0941162109375
