19 0.18531901041666665 0.2516015625 0.14710937500000001 0.0718896484375
46 0.6973893229166667 0.2410205078125 0.0775 0.0897900390625
47 0.8140104166666666 0.2597412109375 0.12194010416666667 0.0588671875
72 0.22005859375 0.4298779296875 0.10893229166666667 0.0671142578125
78 0.34048177083333336 0.4343603515625 0.12850260416666667 0.08095703125
61 0.5102473958333333 0.445751953125 0.056953125 0.045146484375
61 0.6100520833333333 0.4494140625 0.06559895833333333 0.0475927734375
41 0.8264778645833334 0.44208984375 0.21848958333333335 0.0622412109375
97 0.29814453125 0.631767578125 0.17744791666666668 0.0900390625
97 0.86716796875 0.647236328125 0.12408854166666666 0.072138671875
104 0.70609375 0.57072265625 0.26966796875 0.1437255859375
39 0.5487434895833333 0.6472412109375 0.27499999999999997 0.1209814453125
