26 0.6890169270833333 0.4947900390625 0.5403645833333334 0.0520849609375
47 0.2506510416666667 0.4720068359375 0.26258463541666666 0.0716162109375
61 0.4166666666666667 0.44677734375 0.15190755208333334 0.0504541015625
20 0.4427083333333333 0.2783203125 0.17361328125 0.0911474609375
27 0.7855924479166667 0.2742529296875 0.18663411458333334 0.1025390625
97 0.1996549479166667 0.2986669921875 0.15190755208333334 0.0406884765625
1 0.13888671875 0.6591796875 0.11284505208333334 0.0943994140625
1 0.25173828125000003 0.6534814453125 0.09982421875000001 0.0895166015625
41 0.37651692708333334 0.6559228515625 0.1714388020833333 0.068359375
46 0.52734375 0.6022119140625 0.09114583333333333 0.1041650390625
25 0.7215690104166667 0.6070947265625 0.1801236979166667 0.078125
78 0.673828125 0.673828125 0.1714388020833333 0.087890625
