1 0.23111979166666666 0.3035498046875 0.10633463541666667 0.0667333984375
27 0.4557291666666667 0.31005859375 0.16059244791666666 0.0537109375
20 0.5327669270833334 0.2937841796875 0.14106119791666666 0.0830078125
46 0.7530403645833333 0.2970361328125 0.1909700520833333 0.0797509765625
61 0.35916015625 0.4793310546875 0.1714388020833333 0.0602197265625
47 0.52734375 0.4581689453125 0.18663411458333334 0.0569677734375
16 0.234375 0.64208984375 0.10416666666666667 0.0830078125
104 0.60763671875 0.62255859375 0.2734375 0.1611328125
41 0.8582877604166667 0.6778955078125 0.19748046875 0.0862646484375
97 0.859375 0.47607421875 0.1996549479166667 0.0895166015625
