41 0.24552734375 0.221484375 0.19591145833333334 0.080009765625
20 0.7244986979166667 0.2263671875 0.22286458333333334 0.0800146484375
97 0.19562500000000002 0.4188916015625 0.10913411458333333 0.06955078125
41 0.4142252604166667 0.4180712890625 0.18825520833333334 0.0483837890625
27 0.7836263020833334 0.410341796875 0.13930989583333334 0.0768701171875
16 0.15605468749999998 0.6126416015625 0.17182942708333335 0.1152587890625
47 0.46141927083333334 0.575185546875 0.1589453125 0.0598828125
61 0.38493489583333335 0.6260693359375 0.15572265625 0.0688671875
97 0.6214453125 0.62525390625 0.09488281250000001 0.0672412109375
104 0.7874153645833334 0.578056640625 0.29661458333333335 0.1876904296875
