27 0.38845703125 0.4581689453125 0.16927083333333334 0.0537109375
102 0.55880859375 0.4736328125 0.17578125 0.068359375
1 0.126953125 0.4679345703125 0.18445963541666666 0.1090478515625
26 0.2604166666666667 0.6754541015625 0.10416666666666667 0.0911474609375
12 0.1898893229166667 0.67138671875 0.2191861979166667 0.0927734375
63 0.41232421875 0.6136083984375 0.14757161458333332 0.1204443359375
21 0.7823372395833333 0.5965185546875 0.17578125 0.1155615234375
40 0.830078125 0.4508447265625 0.20182291666666666 0.1009130859375
48 0.5946158854166667 0.6901025390625 0.1953125 0.0520849609375
62 0.7888476562500001 0.68359375 0.19314453125 0.0651025390625
