109 0.57423828125 0.5397900390625 0.254375 0.159990234375
40 0.36322916666666666 0.5878173828125 0.24251953125 0.11931640625
102 0.17880859375 0.5927001953125 0.16013020833333333 0.10955078125
73 0.23142578125000002 0.3956884765625 0.11563151041666668 0.076865234375
81 0.3447981770833333 0.405458984375 0.11451171874999999 0.0768701171875
62 0.5031901041666667 0.4168505859375 0.07973958333333334 0.0508251953125
62 0.5964908854166667 0.41400390625 0.07102864583333333 0.050009765625
42 0.79935546875 0.4074951171875 0.21632812499999998 0.0662890625
20 0.195078125 0.230029296875 0.15361979166666667 0.062919921875
47 0.73373046875 0.563388671875 0.05253255208333333 0.080224609375
48 0.8123828125 0.5804833984375 0.08613932291666666 0.0948876953125
