16 0.5379231770833334 0.5403662109375 0.11555989583333333 0.1041650390625
16 0.16031901041666666 0.5242919921875 0.1611328125 0.093994140625
104 0.4939778645833333 0.4736328125 0.2490234375 0.13427734375
97 0.22542317708333334 0.3424072265625 0.2392578125 0.076904296875
19 0.3474934895833333 0.3302001953125 0.13509114583333334 0.076904296875
27 0.50537109375 0.3369140625 0.15462239583333334 0.08056640625
20 0.6217447916666666 0.3143310546875 0.16276041666666666 0.101318359375
41 0.8260091145833334 0.3515625 0.2555338541666667 0.04638671875
61 0.80078125 0.55908203125 0.166015625 0.07080078125
47 0.7942708333333334 0.51025390625 0.146484375 0.05615234375
