26 0.15968915343915344 0.37957093253968255 0.16465939153439155 0.06374751984126983
102 0.48366402116402113 0.3655109126984127 0.2063227513227513 0.0817906746031746
81 0.786712962962963 0.3571701388888889 0.15997685185185184 0.0951140873015873
47 0.08847222222222223 0.6011359126984127 0.16379298941798942 0.05908730158730159
44 0.288343253968254 0.5543725198412699 0.20961309523809524 0.04677331349206349
40 0.5581746031746032 0.5359672619047618 0.29687169312169315 0.10878720238095238
42 0.8286243386243387 0.5889657738095239 0.22840608465608467 0.0901438492063492
65 0.38229497354497355 0.7622991071428572 0.18516203703703701 0.07442460317460317
48 0.5022718253968254 0.8188715277777778 0.21836640211640213 0.07216021825396825
28 0.8566765873015874 0.783405257936508 0.2260383597883598 0.12125248015873015
