73 0.31482421875 0.335341796875 0.18259765625000002 0.039990234375
102 0.6364973958333333 0.3333056640625 0.07725260416666667 0.04080078125
102 0.7574609375 0.3324951171875 0.07829427083333333 0.0440576171875
16 0.4268294270833333 0.483505859375 0.2601236979166667 0.077529296875
44 0.728984375 0.4944921875 0.07450520833333334 0.055556640625
27 0.62048828125 0.520947265625 0.133125 0.0352197265625
47 0.24647786458333332 0.646318359375 0.16960286458333332 0.085771484375
35 0.39808593750000004 0.6685009765625 0.228671875 0.0690966796875
42 0.6411002604166667 0.681318359375 0.17434244791666667 0.0385791015625
62 0.5925520833333333 0.717138671875 0.1391015625 0.0516259765625
21 0.8244466145833332 0.679296875 0.16994140624999998 0.1175439453125
