26 0.1618915343915344 0.37511160714285713 0.17696097883597883 0.06966517857142857
102 0.4819708994708995 0.3649404761904762 0.20865079365079367 0.07412698412698412
81 0.7898181216931216 0.35923859126984126 0.16958002645502643 0.09744295634920634
47 0.08914682539682539 0.6072867063492063 0.16374669312169313 0.05782738095238095
44 0.28886574074074073 0.5509796626984127 0.21926256613756612 0.059300595238095236
40 0.5659556878306878 0.5343625992063492 0.2575727513227513 0.10047123015873016
42 0.8212268518518518 0.5884375 0.23901455026455026 0.09949652777777779
65 0.39071097883597883 0.7578546626984127 0.22188492063492063 0.06630704365079365
48 0.502473544973545 0.8206125992063492 0.2205456349206349 0.06781498015873016
28 0.8585912698412699 0.7769593253968253 0.22776455026455025 0.11939484126984126
