42 0.673828125 0.4866552734375 0.20182291666666666 0.0423193359375
73 0.8279101562500001 0.4654931640625 0.16710286458333334 0.0716162109375
47 0.4893684895833333 0.42724609375 0.1801236979166667 0.0830078125
62 0.439453125 0.4850244140625 0.14539713541666668 0.0553369140625
16 0.7074674479166667 0.29541015625 0.20399088541666666 0.0569677734375
44 0.2094205729166667 0.29296875 0.09765625 0.0553369140625
102 0.20291015625 0.6754541015625 0.12804036458333332 0.0813818359375
35 0.3602408854166667 0.62255859375 0.26909505208333334 0.0895166015625
81 0.5826822916666666 0.6363916015625 0.2191861979166667 0.0651025390625
27 0.7269986979166667 0.6901025390625 0.38628255208333334 0.087890625
