20 0.6749153645833333 0.4475927734375 0.14322916666666666 0.0813818359375
40 0.26583984374999997 0.66650390625 0.27560546874999997 0.1155615234375
42 0.4850260416666667 0.6787109375 0.16276041666666666 0.068359375
48 0.8376757812500001 0.458984375 0.1996549479166667 0.0651025390625
102 0.3776041666666667 0.2823876953125 0.22135416666666666 0.0667333984375
62 0.2799479166666667 0.4736328125 0.14757161458333332 0.0520849609375
47 0.3841145833333333 0.4443359375 0.07378255208333333 0.1009130859375
81 0.44162109375 0.4459619140625 0.1801236979166667 0.078125
73 0.7063802083333334 0.6917333984375 0.18880208333333334 0.0618505859375
109 0.6890169270833333 0.6062841796875 0.23654296875 0.1383447265625
