47 0.16123015873015872 0.375359623015873 0.1624107142857143 0.06520089285714285
64 0.48461309523809526 0.37560515873015876 0.24039351851851853 0.06073660714285714
20 0.8628902116402116 0.33939484126984126 0.22974867724867726 0.11728174603174603
15 0.15792328042328044 0.5353571428571429 0.1690244708994709 0.1223015873015873
39 0.41153439153439153 0.5653695436507937 0.3124900793650794 0.11784474206349206
43 0.8010548941798942 0.5715674603174603 0.25819444444444445 0.06575644841269841
72 0.14734126984126983 0.7687723214285714 0.20077050264550264 0.08813988095238096
97 0.5398346560846561 0.7283382936507936 0.1987202380952381 0.0816765873015873
25 0.5348743386243386 0.8047395833333334 0.208640873015873 0.07574652777777778
41 0.8430522486772486 0.7811780753968254 0.2006547619047619 0.14271329365079363
