15 0.6181640625 0.203984375 0.3877994791666666 0.1084912109375
43 0.2428125 0.2296142578125 0.15794270833333332 0.037685546875
97 0.12131510416666667 0.4050537109375 0.11024739583333333 0.071171875
61 0.19126953125 0.3983447265625 0.0394921875 0.0443017578125
61 0.30574869791666665 0.4168505859375 0.062447916666666665 0.0312890625
25 0.568828125 0.3954248046875 0.11334635416666666 0.0605810546875
39 0.80912109375 0.378193359375 0.14472005208333333 0.1053466796875
27 0.2569140625 0.573974609375 0.2251953125 0.1111669921875
79 0.6292513020833334 0.5808984375 0.25372395833333333 0.1396630859375
46 0.83509765625 0.586181640625 0.15352213541666668 0.0965185546875
19 0.49597656250000005 0.42927734375 0.16024088541666667 0.0318212890625
