41 0.16624338624338625 0.36350198412698415 0.28881944444444446 0.09647569444444444
25 0.4222751322751323 0.3747445436507937 0.11469246031746032 0.059580853174603175
39 0.7348511904761905 0.355672123015873 0.36508267195767197 0.10061011904761906
20 0.17211309523809526 0.5425248015873015 0.15803902116402116 0.11011160714285714
26 0.3577281746031746 0.585094246031746 0.18618055555555554 0.08836061507936507
47 0.6046560846560847 0.5554786706349206 0.18386574074074075 0.07267857142857144
78 0.8460648148148148 0.5907638888888889 0.22330026455026455 0.07990575396825397
15 0.16635912698412697 0.7634970238095238 0.23098875661375662 0.15221974206349206
97 0.4606712962962963 0.7625892857142857 0.14925925925925926 0.11081597222222223
72 0.8512235449735449 0.765109126984127 0.22834325396825397 0.1000173611111111
