20 0.8528645833333334 0.6136083984375 0.16492838541666668 0.0911474609375
102 0.6184895833333334 0.6111669921875 0.16927083333333334 0.0634765625
15 0.3938802083333333 0.5403662109375 0.27126953125000003 0.1399755859375
40 0.7400195312500001 0.56396484375 0.16492838541666668 0.0895166015625
82 0.5696614583333334 0.3824853515625 0.2495638020833333 0.1106787109375
47 0.7899283854166667 0.3922509765625 0.16492838541666668 0.0911474609375
26 0.3873697916666667 0.400390625 0.10633463541666667 0.0748681640625
62 0.26583984374999997 0.4117822265625 0.14539713541666668 0.0553369140625
28 0.6651497395833333 0.2278662109375 0.22786458333333334 0.0748681640625
44 0.24197265625 0.2327490234375 0.1714388020833333 0.0455712890625
