15 0.15990410052910053 0.34262152777777777 0.3184821428571429 0.12670386904761904
97 0.4862698412698413 0.3666790674603175 0.21063161375661377 0.08256200396825396
78 0.7861805555555555 0.35700396825396824 0.18214616402116401 0.09793898809523809
46 0.08848544973544974 0.6010863095238095 0.17564814814814814 0.07022817460317461
43 0.28787367724867724 0.5546999007936508 0.2106646825396825 0.051860119047619044
39 0.5636408730158731 0.5398189484126985 0.27278439153439155 0.10146577380952382
41 0.8205654761904762 0.5864558531746032 0.2509193121693122 0.11536954365079366
25 0.13477843915343915 0.7953125 0.16241402116402115 0.0866592261904762
64 0.4052579365079365 0.7650496031746031 0.21395171957671957 0.07573412698412699
20 0.6317625661375662 0.7134573412698413 0.15770171957671958 0.09159474206349207
27 0.8582605820105821 0.7848983134920635 0.2337169312169312 0.13527281746031744
47 0.5209887566137567 0.8340079365079365 0.2205456349206349 0.06484126984126984
