20 0.47430338541666667 0.25251953125 0.16952473958333333 0.096513671875
43 0.7116276041666666 0.2767333984375 0.07451171875 0.0497216796875
72 0.17161458333333335 0.44158203125 0.20868489583333336 0.076689453125
34 0.4599283854166667 0.42205078125 0.17657552083333336 0.110869140625
34 0.5754752604166666 0.443203125 0.06262369791666667 0.031103515625
26 0.6508984375 0.4521630859375 0.20319661458333335 0.0539013671875
41 0.7992513020833334 0.4610986328125 0.13761067708333333 0.05029296875
46 0.24891927083333332 0.5883203125 0.15820963541666666 0.0845166015625
16 0.48758463541666663 0.5870947265625 0.21236979166666667 0.0674169921875
61 0.58251953125 0.6554736328125 0.12880208333333334 0.0528076171875
97 0.7913606770833334 0.6573095703125 0.16452473958333333 0.063798828125
