26 0.15825727513227514 0.37709573412698416 0.16307208994708994 0.07363591269841269
102 0.4908994708994709 0.3718874007936508 0.2066633597883598 0.08802083333333333
40 0.7851818783068782 0.3483234126984127 0.3322652116402116 0.1153000992063492
47 0.08848544973544974 0.6048065476190476 0.17564814814814814 0.0627876984126984
81 0.4019510582010582 0.5876934523809524 0.2205654761904762 0.09304563492063493
44 0.7980820105820106 0.5735540674603175 0.23240410052910052 0.06972470238095238
73 0.1513095238095238 0.7700124007936509 0.2087037037037037 0.08565972222222222
65 0.5080919312169312 0.7469419642857144 0.21459656084656087 0.06431795634920634
42 0.846359126984127 0.7851463293650793 0.1834589947089947 0.13080853174603174
48 0.5051157407407407 0.8238368055555556 0.241712962962963 0.0693030753968254
