43 0.2191861979166667 0.2962255859375 0.09114583333333333 0.048828125
16 0.6922721354166667 0.3043603515625 0.1953125 0.048828125
26 0.224609375 0.4646826171875 0.29731119791666666 0.0927734375
61 0.41775390625 0.4777001953125 0.14106119791666666 0.0537109375
41 0.60330078125 0.4768896484375 0.07378255208333333 0.0455712890625
72 0.7975260416666666 0.4622412109375 0.15841796875 0.0716162109375
97 0.20399088541666666 0.6632470703125 0.1171875 0.0764990234375
34 0.3515625 0.6193017578125 0.2604166666666667 0.1090478515625
78 0.5598958333333334 0.6331396484375 0.20399088541666666 0.068359375
46 0.7769075520833333 0.6559228515625 0.16927083333333334 0.107421875
