47 0.16746031746031745 0.35465277777777776 0.19328042328042327 0.06320684523809524
64 0.48220568783068785 0.3529042658730159 0.2853075396825397 0.05971478174603175
43 0.7428306878306878 0.33899057539682537 0.16671626984126983 0.043883928571428574
78 0.189130291005291 0.5762996031746032 0.19183531746031746 0.07221230158730159
15 0.529619708994709 0.4847098214285714 0.26496362433862436 0.07901041666666667
16 0.5340476190476191 0.5524131944444445 0.14904431216931216 0.10601686507936507
72 0.8337400793650793 0.5594444444444444 0.22696097883597885 0.07448908730158729
41 0.4816269841269841 0.752782738095238 0.28414351851851855 0.09645585317460319
20 0.8419543650793652 0.7671899801587302 0.18260251322751325 0.1252703373015873
46 0.14520171957671957 0.8010019841269841 0.14236772486772487 0.068125
