104 0.7096354166666666 0.5509423828125 0.26909505208333334 0.1936865234375
72 0.7259114583333334 0.6632470703125 0.18445963541666666 0.0667333984375
61 0.556640625 0.6461572265625 0.11935546875000001 0.0618505859375
97 0.38628255208333334 0.2303076171875 0.25173828125000003 0.0830078125
19 0.15190755208333334 0.23193359375 0.17794921875 0.0699853515625
46 0.6412760416666666 0.2213525390625 0.09765625 0.1009130859375
47 0.7421875 0.2360009765625 0.15625 0.078125
41 0.24305338541666666 0.43212890625 0.21701171875 0.0537109375
78 0.4459635416666667 0.4068994140625 0.20182291666666666 0.078125
39 0.2701822916666667 0.6429052734375 0.27126953125000003 0.1171875
