1 0.21451822916666666 0.2761328125 0.11530598958333334 0.0760693359375
28 0.44199218749999997 0.286708984375 0.14925130208333334 0.0549072265625
47 0.7559765625 0.2718798828125 0.1999609375 0.0773291015625
16 0.09742187499999999 0.458671875 0.13720052083333334 0.0993505859375
62 0.3486197916666667 0.460625 0.17517578125 0.05443359375
48 0.52005859375 0.4351220703125 0.1925390625 0.062021484375
102 0.8557486979166667 0.455654296875 0.19985026041666668 0.0933203125
109 0.5942317708333333 0.587734375 0.27578125000000003 0.2030517578125
21 0.3076171875 0.62876953125 0.18026041666666667 0.1105859375
42 0.8586783854166667 0.6560693359375 0.21005859375 0.0905029296875
