27 0.17643849206349205 0.2967311507936508 0.2589616402116402 0.1311607142857143
97 0.4713888888888889 0.31359375 0.21394179894179896 0.08552331349206349
41 0.7643551587301587 0.31186011904761907 0.2046362433862434 0.09693204365079365
15 0.19892195767195767 0.5098065476190476 0.30392857142857144 0.12576636904761904
47 0.5226455026455027 0.5276636904761904 0.11142857142857142 0.08211309523809524
26 0.8136210317460317 0.5475074404761905 0.24364417989417989 0.08212053571428572
20 0.16123015873015872 0.7204042658730159 0.1624107142857143 0.12533234126984127
64 0.48229828042328043 0.7283407738095238 0.23973214285714287 0.08564484126984127
25 0.7137665343915344 0.6792237103174603 0.16297949735449735 0.07273313492063492
25 0.7782440476190475 0.7583531746031745 0.13982473544973545 0.07722222222222222
