40 0.710390625 0.2918994140625 0.2597526041666667 0.07923828125
102 0.22490234374999998 0.293115234375 0.2978971354166667 0.0572607421875
62 0.3051953125 0.469765625 0.13296875 0.0492333984375
47 0.40121744791666664 0.450234375 0.07109375 0.078525390625
81 0.47554687500000004 0.445732421875 0.13831380208333333 0.0623095703125
20 0.6751432291666667 0.451044921875 0.13066406249999998 0.08015625
48 0.8340690104166667 0.45958984375 0.19461588541666666 0.06306640625
48 0.6903190104166667 0.6032861328125 0.23914713541666666 0.14048828125
73 0.40501302083333335 0.631357421875 0.08519531250000001 0.0647998046875
42 0.2514908854166667 0.6525244140625 0.18831380208333334 0.0680712890625
