42 0.1633068783068783 0.3615674603174603 0.28653769841269844 0.07717509920634921
26 0.415787037037037 0.37328125 0.1085978835978836 0.058464781746031744
40 0.7283300264550264 0.35530505952380953 0.35766203703703703 0.08734126984126984
21 0.17223544973544974 0.5456001984126985 0.16176587301587303 0.09839037698412698
27 0.3566468253968254 0.5850272817460317 0.18914021164021166 0.0832390873015873
48 0.6013822751322752 0.5575347222222222 0.19020833333333334 0.07687996031746032
81 0.8471957671957672 0.5893005952380952 0.2236937830687831 0.07233382936507936
15 0.1623214285714286 0.7581597222222223 0.2413425925925926 0.14748759920634918
102 0.46471560846560844 0.7661111111111111 0.1459490740740741 0.09855654761904761
73 0.848475529100529 0.7672916666666666 0.23057208994708994 0.10091517857142857
