43 0.24088541666666666 0.2750634765625 0.16927083333333334 0.0423193359375
27 0.6499544270833334 0.2652978515625 0.21484375 0.0716162109375
79 0.21484375 0.4182958984375 0.27777994791666666 0.1204443359375
46 0.4969596354166667 0.4264306640625 0.16927083333333334 0.0911474609375
19 0.7606315104166667 0.4459619140625 0.16710286458333334 0.087890625
15 0.30815755208333334 0.5818701171875 0.20399088541666666 0.1546240234375
25 0.44162109375 0.6575537109375 0.11501953124999999 0.0813818359375
97 0.5219205729166666 0.6396484375 0.05859375 0.0520849609375
97 0.6293424479166666 0.6380224609375 0.078125 0.0618505859375
39 0.7986132812500001 0.6363916015625 0.1909700520833333 0.1009130859375
