102 0.2387174479166667 0.48095703125 0.12152994791666666 0.0797509765625
20 0.18663411458333334 0.30517578125 0.13888671875 0.0537109375
21 0.7443554687499999 0.29052734375 0.1953125 0.0830078125
28 0.8799934895833333 0.4768896484375 0.1714388020833333 0.0813818359375
48 0.4752604166666667 0.4752587890625 0.16059244791666666 0.05859375
48 0.7291666666666666 0.49072265625 0.13020833333333334 0.0309228515625
62 0.6119791666666666 0.4825830078125 0.11284505208333334 0.0537109375
16 0.2105013020833333 0.625 0.1953125 0.1529931640625
16 0.6206575520833334 0.6941748046875 0.16059244791666666 0.0634765625
40 0.439453125 0.6290673828125 0.16276041666666666 0.1057958984375
35 0.8734830729166667 0.673828125 0.09331380208333334 0.1204443359375
42 0.380859375 0.6966162109375 0.15841796875 0.0748681640625
109 0.7530403645833333 0.61279296875 0.234375 0.1448583984375
