26 0.32986328125000003 0.4581689453125 0.234375 0.0537109375
1 0.12478515624999999 0.4695654296875 0.1714388020833333 0.0927734375
25 0.2734375 0.6803369140625 0.10850911458333333 0.0911474609375
12 0.20182291666666666 0.6697607421875 0.22569661458333334 0.1123046875
62 0.419921875 0.6103515625 0.1714388020833333 0.1204443359375
34 0.5750846354166667 0.6461572265625 0.08680338541666667 0.0520849609375
47 0.6043815104166667 0.693359375 0.2105013020833333 0.0455712890625
61 0.7888476562500001 0.6852197265625 0.1801236979166667 0.0651025390625
20 0.7986132812500001 0.59326171875 0.20399088541666666 0.1155615234375
39 0.8517773437499999 0.44677734375 0.16276041666666666 0.1025390625
97 0.6380208333333334 0.4744482421875 0.17794921875 0.0732421875
