47 0.14999007936507935 0.37511160714285713 0.1531547619047619 0.06966517857142857
64 0.4852744708994709 0.38056795634920637 0.2549404761904762 0.07065972222222222
20 0.852308201058201 0.33765873015873016 0.23503968253968255 0.1286904761904762
15 0.1566005291005291 0.5487524801587302 0.19283068783068782 0.13917162698412697
39 0.4145138888888889 0.5621453373015873 0.28537367724867724 0.11635416666666666
43 0.8010548941798942 0.580250496031746 0.2846494708994709 0.0682390873015873
72 0.15031746031746032 0.7675322420634921 0.20010912698412697 0.09062003968253968
97 0.5424834656084656 0.7315625 0.17755621693121693 0.08316716269841269
25 0.5335548941798942 0.8077157738095239 0.1795436507936508 0.08170138888888889
41 0.8483432539682539 0.7844022817460318 0.2006547619047619 0.14420386904761903
