15 0.15459325396825396 0.33116815476190475 0.28942460317460317 0.09462797619047619
48 0.2322156084656085 0.39395833333333335 0.25565145502645503 0.04299851190476191
102 0.4880059523809524 0.3716145833333333 0.2001686507936508 0.0739236111111111
81 0.7884854497354498 0.3621130952380952 0.15844907407407408 0.09465029761904761
44 0.28499007936507936 0.5558680555555556 0.20052910052910053 0.04075644841269842
47 0.24237433862433863 0.6044295634920634 0.14365410052910055 0.043370535714285716
40 0.6020866402116403 0.5322966269841269 0.2424570105820106 0.09993551587301587
42 0.8308829365079365 0.591654265873016 0.21804232804232804 0.0981547619047619
26 0.13445767195767197 0.7967509920634921 0.15779431216931217 0.0783234126984127
65 0.3924768518518518 0.7688169642857142 0.20787037037037037 0.07916418650793651
21 0.6319411375661376 0.7140823412698413 0.141494708994709 0.10437003968253968
28 0.8598842592592593 0.786984126984127 0.20358796296296294 0.12021825396825397
