62 0.8083789062500001 0.4573583984375 0.2105013020833333 0.1497412109375
20 0.5609830729166666 0.4329443359375 0.25824869791666666 0.13671875
25 0.3624153645833333 0.4541015625 0.11284505208333334 0.0943994140625
47 0.12369791666666667 0.4833984375 0.18229166666666666 0.0455712890625
61 0.24305338541666666 0.6754541015625 0.13020833333333334 0.078125
39 0.40798828125 0.6184912109375 0.12586588541666668 0.0748681640625
41 0.4210091145833333 0.6852197265625 0.17361328125 0.087890625
12 0.7465299479166667 0.7014990234375 0.3776041666666667 0.0651025390625
26 0.5924479166666666 0.6437158203125 0.18229166666666666 0.0244140625
26 0.7074674479166667 0.6526708984375 0.22135416666666666 0.05859375
