27 0.8306679894179895 0.3417336309523809 0.21035052910052912 0.11450892857142857
46 0.49859126984126984 0.38294890873015874 0.16244708994708995 0.04197172619047619
41 0.16479828042328043 0.3625570436507936 0.2814814814814815 0.0827529761904762
25 0.348125 0.5466939484126984 0.11526124338624338 0.056805555555555554
26 0.2133234126984127 0.5833506944444445 0.1791600529100529 0.0784672619047619
72 0.5994510582010582 0.5497867063492063 0.1901686507936508 0.06842757936507936
78 0.8435218253968254 0.5912624007936508 0.22156415343915345 0.07253968253968254
64 0.36411706349206346 0.7304017857142857 0.18349537037037036 0.06534970238095238
47 0.2051653439153439 0.7918477182539683 0.16646494708994708 0.0849280753968254
16 0.5340244708994709 0.7954935515873015 0.16806216931216933 0.0895064484126984
97 0.8030588624338624 0.7621180555555556 0.1732638888888889 0.09095982142857142
