20 0.6989973958333334 0.3114404296875 0.23046875 0.0987890625
41 0.12238932291666667 0.3256787109375 0.2035481770833333 0.0637939453125
34 0.18857421875 0.5055859375 0.10154296875 0.0720458984375
16 0.5097005208333333 0.521865234375 0.06671875000000001 0.0460107421875
16 0.63716796875 0.519013671875 0.14586588541666667 0.0354248046875
16 0.8151171875 0.6602685546875 0.18833984375 0.117734375
39 0.8644856770833332 0.716806640625 0.23934244791666667 0.1060986328125
61 0.7668359374999999 0.5287744140625 0.14817708333333332 0.04923828125
47 0.79720703125 0.5047705078125 0.1698697916666667 0.0606494140625
47 0.45111328125 0.7099169921875 0.14485026041666668 0.0803173828125
27 0.46304036458333336 0.711533203125 0.14702473958333334 0.0857763671875
97 0.47552083333333334 0.67328125 0.16111328125 0.0558740234375
104 0.21844401041666664 0.664345703125 0.30095703125 0.1844873046875
