46 0.7465299479166667 0.31005859375 0.21701171875 0.0764990234375
1 0.18445963541666666 0.3108740234375 0.12586588541666668 0.0748681640625
16 0.07921223958333333 0.50048828125 0.14973958333333334 0.0992822265625
61 0.32117838541666666 0.50048828125 0.18663411458333334 0.0634765625
47 0.5045572916666666 0.4728173828125 0.2105013020833333 0.0634765625
97 0.8474414062500001 0.4947900390625 0.2191861979166667 0.09765625
20 0.28537109374999997 0.6754541015625 0.17578125 0.1171875
27 0.14106119791666666 0.712890625 0.16927083333333334 0.0911474609375
104 0.5913606770833334 0.6339501953125 0.30164713541666666 0.2164697265625
41 0.8572070312500001 0.7039404296875 0.21701171875 0.1025390625
