8 0.408203125 0.541015625 0.28125 0.2421875
8 0.67578125 0.51953125 0.26171875 0.21875
8 0.380859375 0.685546875 0.26171875 0.1640625
8 0.638671875 0.322265625 0.21484375 0.15234375
8 0.654296875 0.65625 0.26171875 0.15234375
8 0.646484375 0.75 0.26953125 0.1328125
8 0.900390625 0.287109375 0.18359375 0.19921875
8 0.89453125 0.537109375 0.19921875 0.1484375
8 0.876953125 0.728515625 0.23828125 0.14453125
8 0.884765625 0.431640625 0.22265625 0.19921875
8 0.40234375 0.32421875 0.2421875 0.17578125