8 0.447265625 0.28125 0.28515625 0.1875
8 0.703125 0.490234375 0.24609375 0.1796875
8 0.705078125 0.62890625 0.26953125 0.1328125
8 0.693359375 0.724609375 0.25390625 0.12890625
8 0.44921875 0.412109375 0.2734375 0.15625
8 0.451171875 0.541015625 0.2578125 0.1328125
8 0.455078125 0.638671875 0.2421875 0.1171875
8 0.455078125 0.728515625 0.2421875 0.10546875
8 0.189453125 0.537109375 0.2890625 0.2265625
8 0.201171875 0.689453125 0.28515625 0.11328125
8 0.21875 0.791015625 0.28515625 0.1328125
8 0.1875 0.328125 0.23046875 0.15625
8 0.908203125 0.359375 0.15625 0.1640625