11 0.818359375 0.591796875 0.18359375 0.37109375
11 0.646484375 0.595703125 0.1796875 0.37109375
11 0.47265625 0.591796875 0.1953125 0.37109375
11 0.287109375 0.591796875 0.19921875 0.37109375
11 0.09765625 0.587890625 0.1953125 0.37109375
11 0.822265625 0.314453125 0.1796875 0.19140625
11 0.642578125 0.314453125 0.1796875 0.19921875
11 0.470703125 0.314453125 0.18359375 0.19140625
11 0.283203125 0.314453125 0.18359375 0.19140625
11 0.103515625 0.30859375 0.1875 0.1796875
11 0.947265625 0.59375 0.09765625 0.3671875