13 0.716796875 0.421875 0.3359375 0.21875
13 0.853515625 0.333984375 0.28515625 0.21484375
13 0.455078125 0.642578125 0.39453125 0.5625
13 0.244140625 0.708984375 0.40625 0.5703125
13 0.119140625 0.78515625 0.23828125 0.40234375
13 0.185546875 0.203125 0.3359375 0.1484375
13 0.09375 0.08984375 0.1875 0.14453125
13 0.623046875 0.185546875 0.23828125 0.37109375
13 0.748046875 0.19921875 0.24609375 0.3515625
13 0.427734375 0.16796875 0.16015625 0.3359375
13 0.25390625 0.142578125 0.23046875 0.28515625