19 0.201171875 0.458984375 0.125 0.1796875
19 0.31640625 0.46875 0.09765625 0.1796875
19 0.427734375 0.46875 0.10546875 0.16796875
19 0.55859375 0.46875 0.08984375 0.1796875
19 0.65625 0.484375 0.09765625 0.19921875
19 0.775390625 0.482421875 0.11328125 0.20703125
19 0.212890625 0.791015625 0.09375 0.16796875
19 0.31640625 0.810546875 0.09765625 0.18359375
19 0.513671875 0.853515625 0.10546875 0.1953125
19 0.630859375 0.859375 0.1015625 0.18359375
19 0.19140625 0.083984375 0.1171875 0.16796875
19 0.515625 0.078125 0.13671875 0.15625