19 0.767578125 0.31640625 0.125 0.35546875
19 0.646484375 0.328125 0.1171875 0.3359375
19 0.52734375 0.333984375 0.125 0.33203125
19 0.40234375 0.322265625 0.125 0.34765625
19 0.28515625 0.318359375 0.125 0.34375
19 0.171875 0.3125 0.11328125 0.35546875
19 0.23046875 0.69140625 0.12109375 0.1796875
19 0.337890625 0.693359375 0.1015625 0.18359375
19 0.509765625 0.708984375 0.125 0.16015625
19 0.623046875 0.703125 0.09375 0.18359375
19 0.728515625 0.70703125 0.09765625 0.18359375
19 0.826171875 0.716796875 0.08984375 0.19140625