24 0.263671875 0.658203125 0.2578125 0.15625
24 0.4375 0.669921875 0.21484375 0.1796875
24 0.63671875 0.67578125 0.19140625 0.19140625
24 0.83984375 0.693359375 0.21484375 0.2265625
24 0.267578125 0.486328125 0.25 0.15234375
24 0.439453125 0.484375 0.23828125 0.15625
24 0.63671875 0.486328125 0.19921875 0.16015625
24 0.26953125 0.318359375 0.25390625 0.18359375
24 0.443359375 0.310546875 0.23828125 0.17578125
24 0.638671875 0.296875 0.1953125 0.19921875
24 0.83203125 0.27734375 0.18359375 0.2421875
24 0.845703125 0.494140625 0.19921875 0.17578125